Recording timestamp,Recording date,Gaze point X,Gaze point Y,Gaze point left X,Gaze point left Y,Gaze point right X,Gaze point right Y,Gaze direction left X,Gaze direction left Y,Gaze direction left Z,Gaze direction right X,Gaze direction right Y,Gaze direction right Z,Pupil diameter left,Pupil diameter right
1022180815,2024/04/08,1119.0,1434.0,1124.0,1411.0,1113.0,1458.0,0.05342,0.37152,-0.92689,-0.07351,0.38072,-0.92176,5.789,6.103
1022197469,2024/04/08,1112.0,1441.0,1111.0,1424.0,1113.0,1459.0,0.0488,0.37527,-0.92563,-0.07421,0.38084,-0.92166,5.799,6.106
1022214124,2024/04/08,1118.0,1418.0,1114.0,1382.0,1121.0,1455.0,0.04955,0.36461,-0.92984,-0.07232,0.38052,-0.92194,5.872,6.112
1022230779,2024/04/08,1118.0,1416.0,1117.0,1371.0,1118.0,1462.0,0.04983,0.3624,-0.93069,-0.07396,0.38305,-0.92076,5.867,6.113
1022247433,2024/04/08,1115.0,1433.0,1116.0,1403.0,1115.0,1462.0,0.04833,0.37176,-0.92707,-0.0759,0.38373,-0.92032,5.79,6.112
1022264088,2024/04/08,1118.0,1445.0,1121.0,1424.0,1116.0,1465.0,0.04913,0.37786,-0.92456,-0.07629,0.38489,-0.9198,5.815,6.118
1022280743,2024/04/08,1105.0,1418.0,1105.0,1386.0,1106.0,1450.0,0.04348,0.3673,-0.92909,-0.08024,0.38023,-0.9214,5.922,6.123
1022297397,2024/04/08,1074.0,1282.0,1051.0,1248.0,1097.0,1315.0,0.02668,0.32969,-0.94371,-0.08481,0.34353,-0.93531,5.932,6.133
1022314051,2024/04/08,1042.0,1112.0,1019.0,1163.0,1066.0,1061.0,0.0138,0.30645,-0.95179,-0.0996,0.27105,-0.9574,5.835,6.156
1022330706,2024/04/08,1032.0,884.0,nan,nan,1032.0,884.0,nan,nan,nan,-0.10982,0.21753,-0.96985,nan,6.244
1022347361,2024/04/08,nan,nan,nan,nan,nan,nan,nan,nan,nan,nan,nan,nan,nan,nan
1022364015,2024/04/08,776.0,750.0,737.0,757.0,816.0,742.0,-0.07662,0.18331,-0.98006,-0.17861,0.17141,-0.96887,5.902,6.067
1022380670,2024/04/08,769.0,729.0,731.0,737.0,807.0,720.0,-0.07994,0.17987,-0.98044,-0.18358,0.16727,-0.96867,5.967,6.125
1022397325,2024/04/08,759.0,730.0,731.0,741.0,786.0,719.0,-0.07994,0.18046,-0.98033,-0.19039,0.16602,-0.96757,5.956,6.125
1022413979,2024/04/08,765.0,730.0,746.0,747.0,785.0,714.0,-0.0749,0.18209,-0.98043,-0.19107,0.16426,-0.96774,5.929,6.129
1022430635,2024/04/08,766.0,729.0,749.0,744.0,784.0,714.0,-0.07399,0.18152,-0.9806,-0.19169,0.16432,-0.9676,5.939,6.136
1022447289,2024/04/08,762.0,734.0,744.0,747.0,780.0,720.0,-0.07558,0.18351,-0.98011,-0.1931,0.16743,-0.96679,5.95,6.134
1022463943,2024/04/08,757.0,732.0,739.0,745.0,774.0,718.0,-0.0772,0.18431,-0.97983,-0.1951,0.16795,-0.9663,5.948,6.138
1022480598,2024/04/08,757.0,724.0,741.0,742.0,772.0,707.0,-0.07652,0.18414,-0.97992,-0.19593,0.16547,-0.96656,5.961,6.153
1022497253,2024/04/08,762.0,723.0,742.0,740.0,782.0,706.0,-0.07615,0.18379,-0.98001,-0.19289,0.16528,-0.9672,5.973,6.164
1022513907,2024/04/08,759.0,724.0,738.0,741.0,779.0,707.0,-0.07759,0.18373,-0.97991,-0.1941,0.16535,-0.96695,5.972,6.169
1022530562,2024/04/08,759.0,726.0,744.0,741.0,774.0,710.0,-0.07593,0.18353,-0.98008,-0.19592,0.16574,-0.96651,5.983,6.175
1022547217,2024/04/08,753.0,725.0,738.0,739.0,768.0,710.0,-0.07789,0.18302,-0.98002,-0.19787,0.16595,-0.96608,5.996,6.177
1022563871,2024/04/08,728.0,737.0,713.0,753.0,743.0,721.0,-0.08588,0.18786,-0.97843,-0.20562,0.16946,-0.96385,6.001,6.182
1022580525,2024/04/08,710.0,750.0,695.0,759.0,725.0,741.0,-0.09197,0.18999,-0.97747,-0.21121,0.17585,-0.96149,6.021,6.196
1022597180,2024/04/08,710.0,750.0,699.0,757.0,722.0,743.0,-0.09087,0.18977,-0.97761,-0.21249,0.17684,-0.96103,6.01,6.2
1022613835,2024/04/08,714.0,753.0,710.0,768.0,718.0,738.0,-0.08714,0.19354,-0.97721,-0.21348,0.17539,-0.96107,5.994,6.2
1022630489,2024/04/08,719.0,750.0,710.0,765.0,728.0,734.0,-0.08719,0.19251,-0.97741,-0.21053,0.17418,-0.96194,6.026,6.208
1022647144,2024/04/08,716.0,744.0,703.0,760.0,730.0,727.0,-0.08935,0.19103,-0.97751,-0.20991,0.17178,-0.96251,6.048,6.224
1022663799,2024/04/08,714.0,744.0,698.0,763.0,730.0,725.0,-0.09087,0.19178,-0.97722,-0.2099,0.17111,-0.96263,6.053,6.229
1022680453,2024/04/08,709.0,743.0,694.0,762.0,724.0,725.0,-0.09187,0.19186,-0.97711,-0.21126,0.17135,-0.9623,6.057,6.236
1022697108,2024/04/08,710.0,747.0,700.0,765.0,720.0,728.0,-0.08939,0.19333,-0.97705,-0.21236,0.17263,-0.96182,6.053,6.241
1022713762,2024/04/08,716.0,754.0,707.0,766.0,724.0,742.0,-0.0865,0.1946,-0.97706,-0.21035,0.17756,-0.96137,6.058,6.245
1022730416,2024/04/08,716.0,753.0,707.0,765.0,725.0,742.0,-0.08628,0.19453,-0.9771,-0.20976,0.17809,-0.9614,6.06,6.249
1022747071,2024/04/08,715.0,749.0,707.0,761.0,723.0,737.0,-0.08568,0.19348,-0.97735,-0.21013,0.17689,-0.96154,6.067,6.252
1022763726,2024/04/08,718.0,749.0,709.0,763.0,727.0,735.0,-0.08461,0.19404,-0.97734,-0.20833,0.17608,-0.96208,6.077,6.257
1022780380,2024/04/08,715.0,751.0,703.0,768.0,728.0,734.0,-0.08591,0.19474,-0.97708,-0.2079,0.17508,-0.96235,6.077,6.261
1022797035,2024/04/08,713.0,754.0,707.0,772.0,720.0,737.0,-0.08437,0.19571,-0.97703,-0.20988,0.17567,-0.96182,6.075,6.261
1022813690,2024/04/08,718.0,753.0,707.0,771.0,728.0,735.0,-0.08366,0.19568,-0.97709,-0.20703,0.17529,-0.9625,6.082,6.27
1022830344,2024/04/08,719.0,750.0,703.0,766.0,734.0,735.0,-0.08466,0.19451,-0.97724,-0.20479,0.17609,-0.96284,6.087,6.272
1022846998,2024/04/08,719.0,749.0,705.0,764.0,733.0,734.0,-0.08364,0.19463,-0.9773,-0.20475,0.17653,-0.96276,6.095,6.281
1022863653,2024/04/08,720.0,747.0,706.0,761.0,734.0,734.0,-0.08278,0.19369,-0.97756,-0.20402,0.17648,-0.96293,6.101,6.287
1022880308,2024/04/08,723.0,748.0,711.0,762.0,734.0,734.0,-0.08047,0.19395,-0.97771,-0.20344,0.17678,-0.96299,6.101,6.28
1022896962,2024/04/08,716.0,751.0,701.0,764.0,732.0,738.0,-0.08329,0.19453,-0.97735,-0.20362,0.17781,-0.96277,6.113,6.283
1022913617,2024/04/08,712.0,753.0,697.0,763.0,727.0,743.0,-0.08377,0.19378,-0.97746,-0.20424,0.1789,-0.96243,6.119,6.299
1022930273,2024/04/08,715.0,751.0,697.0,762.0,732.0,739.0,-0.08303,0.19335,-0.97761,-0.20207,0.17761,-0.96313,6.128,6.302
1022946927,2024/04/08,716.0,753.0,700.0,768.0,731.0,738.0,-0.0813,0.19512,-0.9774,-0.20177,0.17752,-0.96321,6.134,6.305
1022963582,2024/04/08,717.0,753.0,701.0,769.0,733.0,738.0,-0.08032,0.19536,-0.97744,-0.20048,0.17762,-0.96346,6.136,6.307
1022980236,2024/04/08,718.0,751.0,699.0,764.0,737.0,738.0,-0.08044,0.19431,-0.97764,-0.1989,0.17816,-0.96369,6.147,6.304
1022996890,2024/04/08,717.0,751.0,695.0,764.0,738.0,739.0,-0.08127,0.19489,-0.97745,-0.19803,0.17945,-0.96363,6.147,6.302
1023013545,2024/04/08,718.0,750.0,695.0,764.0,741.0,736.0,-0.08097,0.19467,-0.97752,-0.19699,0.17844,-0.96403,6.151,6.317
1023030200,2024/04/08,715.0,753.0,700.0,768.0,731.0,738.0,-0.07889,0.19528,-0.97757,-0.19978,0.17823,-0.9635,6.15,6.315
1023046854,2024/04/08,714.0,759.0,703.0,767.0,726.0,751.0,-0.07773,0.19426,-0.97787,-0.20068,0.18186,-0.96263,6.151,6.314
1023063509,2024/04/08,723.0,754.0,710.0,760.0,735.0,748.0,-0.0746,0.192,-0.97856,-0.19708,0.18127,-0.96348,6.164,6.326
1023080164,2024/04/08,724.0,758.0,710.0,766.0,737.0,750.0,-0.07503,0.19516,-0.9779,-0.19697,0.18319,-0.96314,6.169,6.324
1023096818,2024/04/08,735.0,761.0,719.0,766.0,751.0,756.0,-0.07203,0.19584,-0.97799,-0.19261,0.18573,-0.96354,6.176,6.319
1023113473,2024/04/08,740.0,763.0,725.0,771.0,754.0,754.0,-0.07014,0.19763,-0.97776,-0.19162,0.18525,-0.96383,6.157,6.314
1023130127,2024/04/08,732.0,770.0,719.0,782.0,746.0,758.0,-0.07221,0.19998,-0.97713,-0.19416,0.18547,-0.96328,6.138,6.301
1023146782,2024/04/08,737.0,779.0,717.0,778.0,758.0,779.0,-0.0729,0.19792,-0.9775,-0.19033,0.19167,-0.96283,6.136,6.206
1023163436,2024/04/08,740.0,778.0,717.0,774.0,762.0,782.0,-0.07206,0.19556,-0.97804,-0.188,0.19182,-0.96326,6.136,6.196
1023180091,2024/04/08,735.0,768.0,720.0,768.0,749.0,768.0,-0.07231,0.19272,-0.97859,-0.19387,0.18573,-0.96329,6.131,6.283
1023196746,2024/04/08,742.0,768.0,726.0,764.0,757.0,771.0,-0.07024,0.19311,-0.97866,-0.19119,0.18843,-0.9633,6.133,6.281
1023213400,2024/04/08,753.0,765.0,734.0,765.0,772.0,765.0,-0.06834,0.19398,-0.97862,-0.18694,0.18717,-0.96438,6.137,6.279
1023230055,2024/04/08,750.0,767.0,730.0,772.0,770.0,761.0,-0.07003,0.19671,-0.97796,-0.18809,0.18654,-0.96427,6.118,6.276
1023246710,2024/04/08,751.0,775.0,727.0,768.0,774.0,782.0,-0.07087,0.19455,-0.97833,-0.18585,0.19248,-0.96354,6.121,6.184
1023263363,2024/04/08,749.0,774.0,726.0,762.0,773.0,786.0,-0.07152,0.19151,-0.97888,-0.18589,0.19234,-0.96356,6.132,6.186
1023280018,2024/04/08,740.0,766.0,722.0,770.0,758.0,761.0,-0.07486,0.19379,-0.97818,-0.19317,0.18399,-0.96376,6.14,6.278
1023296673,2024/04/08,740.0,764.0,727.0,770.0,753.0,759.0,-0.07357,0.1938,-0.97828,-0.19526,0.18284,-0.96356,6.148,6.28
1023313327,2024/04/08,743.0,769.0,726.0,772.0,760.0,767.0,-0.07405,0.19501,-0.978,-0.19323,0.18602,-0.96336,6.145,6.273
1023329982,2024/04/08,744.0,771.0,720.0,775.0,768.0,767.0,-0.07644,0.1966,-0.9775,-0.19126,0.18663,-0.96363,6.137,6.269
1023346637,2024/04/08,745.0,769.0,719.0,776.0,772.0,762.0,-0.07688,0.19678,-0.97743,-0.19028,0.18513,-0.96412,6.141,6.272
1023363291,2024/04/08,743.0,769.0,721.0,774.0,766.0,764.0,-0.07643,0.19599,-0.97762,-0.19219,0.18507,-0.96375,6.148,6.275
1023379946,2024/04/08,741.0,769.0,726.0,773.0,756.0,766.0,-0.07471,0.19515,-0.97792,-0.19546,0.18511,-0.96308,6.144,6.28
1023396600,2024/04/08,740.0,772.0,723.0,776.0,757.0,768.0,-0.07583,0.19602,-0.97766,-0.19513,0.18547,-0.96308,6.136,6.279
1023413255,2024/04/08,737.0,771.0,716.0,773.0,759.0,770.0,-0.07848,0.19508,-0.97764,-0.19473,0.18632,-0.963,6.147,6.283
1023429910,2024/04/08,739.0,768.0,717.0,768.0,762.0,768.0,-0.07841,0.1936,-0.97794,-0.19415,0.18563,-0.96325,6.152,6.283
1023446565,2024/04/08,747.0,761.0,723.0,769.0,770.0,754.0,-0.07647,0.19375,-0.97807,-0.19184,0.18146,-0.9645,6.15,6.282
1023463220,2024/04/08,744.0,761.0,720.0,766.0,769.0,756.0,-0.07756,0.19309,-0.97811,-0.19234,0.18228,-0.96425,6.157,6.283
1023479874,2024/04/08,740.0,771.0,718.0,766.0,762.0,776.0,-0.07844,0.19282,-0.97809,-0.19423,0.18838,-0.9627,6.16,6.287
1023496529,2024/04/08,742.0,771.0,715.0,768.0,769.0,773.0,-0.07923,0.19315,-0.97796,-0.19211,0.18688,-0.96342,6.166,6.291
1023513184,2024/04/08,739.0,767.0,710.0,769.0,768.0,765.0,-0.08093,0.19314,-0.97783,-0.19252,0.184,-0.96389,6.172,6.293
1023529837,2024/04/08,736.0,769.0,706.0,770.0,765.0,768.0,-0.08231,0.19331,-0.97768,-0.19364,0.18494,-0.96348,6.176,6.294
1023546492,2024/04/08,735.0,767.0,708.0,768.0,761.0,765.0,-0.08171,0.19346,-0.9777,-0.19473,0.18487,-0.96328,6.178,6.302
1023563147,2024/04/08,734.0,768.0,713.0,769.0,755.0,766.0,-0.08005,0.19448,-0.97763,-0.19673,0.18542,-0.96276,6.179,6.302
1023579801,2024/04/08,729.0,768.0,704.0,776.0,753.0,761.0,-0.08247,0.19656,-0.97702,-0.19701,0.184,-0.96298,6.191,6.305
1023596456,2024/04/08,716.0,769.0,694.0,776.0,738.0,762.0,-0.08546,0.19602,-0.97687,-0.2012,0.18396,-0.96212,6.185,6.312
1023613111,2024/04/08,711.0,774.0,693.0,776.0,729.0,772.0,-0.08594,0.19515,-0.977,-0.2041,0.18608,-0.9611,6.185,6.318
1023629765,2024/04/08,711.0,776.0,694.0,780.0,727.0,772.0,-0.08562,0.19614,-0.97683,-0.20459,0.18589,-0.96103,6.196,6.324
1023646420,2024/04/08,718.0,772.0,702.0,775.0,734.0,768.0,-0.08308,0.19512,-0.97725,-0.20276,0.18532,-0.96153,6.211,6.33
1023663074,2024/04/08,719.0,766.0,701.0,766.0,738.0,766.0,-0.08335,0.19307,-0.97764,-0.20157,0.18522,-0.9618,6.221,6.33
1023679729,2024/04/08,714.0,769.0,698.0,764.0,730.0,773.0,-0.0845,0.19253,-0.97764,-0.20391,0.18767,-0.96083,6.226,6.329
1023696383,2024/04/08,716.0,769.0,694.0,768.0,738.0,770.0,-0.08594,0.19326,-0.97738,-0.20164,0.18617,-0.9616,6.235,6.333
1023713038,2024/04/08,719.0,767.0,694.0,773.0,743.0,760.0,-0.08568,0.19418,-0.97722,-0.19998,0.1825,-0.96265,6.241,6.339
1023729693,2024/04/08,717.0,765.0,692.0,770.0,743.0,761.0,-0.08628,0.19289,-0.97742,-0.20012,0.18217,-0.96269,6.245,6.34
1023746347,2024/04/08,712.0,763.0,691.0,770.0,732.0,755.0,-0.08652,0.19313,-0.97735,-0.2034,0.18033,-0.96235,6.253,6.353
1023763002,2024/04/08,710.0,764.0,693.0,772.0,728.0,757.0,-0.08577,0.19371,-0.9773,-0.20467,0.18093,-0.96196,6.26,6.357
1023779657,2024/04/08,694.0,827.0,673.0,828.0,716.0,826.0,-0.09156,0.21137,-0.97311,-0.20697,0.20225,-0.95721,6.252,6.355
1023796310,2024/04/08,656.0,976.0,627.0,1083.0,685.0,869.0,-0.10266,0.28625,-0.95264,-0.21406,0.21275,-0.95337,6.257,6.47
1023812965,2024/04/08,564.0,1404.0,593.0,1268.0,535.0,1539.0,-0.11237,0.33878,-0.93413,-0.24453,0.39657,-0.88484,6.184,6.432
1023829620,2024/04/08,570.0,1577.0,562.0,1560.0,578.0,1593.0,-0.118,0.41573,-0.9018,-0.23085,0.41126,-0.8818,5.905,6.292
1023846274,2024/04/08,591.0,1573.0,575.0,1545.0,607.0,1600.0,-0.11415,0.41186,-0.90407,-0.22211,0.4137,-0.8829,6.046,6.243
1023862929,2024/04/08,583.0,1566.0,575.0,1547.0,591.0,1586.0,-0.11391,0.41184,-0.90411,-0.22694,0.40931,-0.88372,6.063,6.244
1023879584,2024/04/08,578.0,1576.0,574.0,1542.0,582.0,1611.0,-0.11403,0.40981,-0.90502,-0.22844,0.41482,-0.88076,6.071,6.279
1023896238,2024/04/08,575.0,1575.0,561.0,1533.0,589.0,1617.0,-0.11749,0.40764,-0.90555,-0.22572,0.41677,-0.88054,6.069,6.278
1023912893,2024/04/08,572.0,1589.0,540.0,1548.0,605.0,1630.0,-0.12379,0.41104,-0.90317,-0.22105,0.42051,-0.87995,5.931,6.153
1023929548,2024/04/08,567.0,1603.0,544.0,1573.0,590.0,1632.0,-0.12088,0.41921,-0.89981,-0.22402,0.4224,-0.87829,5.971,6.158
1023946203,2024/04/08,571.0,1586.0,552.0,1540.0,590.0,1632.0,-0.11848,0.41119,-0.90382,-0.22329,0.42272,-0.87832,6.084,6.158
1023962857,2024/04/08,584.0,1564.0,560.0,1501.0,607.0,1626.0,-0.11613,0.40156,-0.90844,-0.21816,0.42181,-0.88005,6.214,6.165
1023979512,2024/04/08,604.0,1541.0,585.0,1498.0,623.0,1585.0,-0.10782,0.39984,-0.91022,-0.21424,0.41117,-0.88602,6.252,6.215
1023996167,2024/04/08,587.0,1559.0,552.0,1532.0,623.0,1587.0,-0.11676,0.40763,-0.90565,-0.21365,0.41128,-0.88612,6.08,6.218
1024012821,2024/04/08,582.0,1553.0,542.0,1533.0,623.0,1573.0,-0.11916,0.40844,-0.90498,-0.21363,0.4085,-0.8874,6.044,6.2
1024029476,2024/04/08,619.0,1556.0,579.0,1538.0,660.0,1575.0,-0.10712,0.41064,-0.90548,-0.20212,0.41073,-0.88907,6.062,6.193
1024046131,2024/04/08,712.0,1569.0,741.0,1505.0,682.0,1634.0,-0.05826,0.40482,-0.91254,-0.19456,0.42686,-0.88314,6.106,6.156
1024062784,2024/04/08,1099.0,1484.0,1010.0,1430.0,1188.0,1537.0,0.02473,0.38625,-0.92206,-0.04522,0.41082,-0.91059,6.12,6.182
1024079439,2024/04/08,1130.0,1479.0,1088.0,1433.0,1171.0,1525.0,0.04895,0.38586,-0.92126,-0.05065,0.40682,-0.9121,5.988,6.337
1024096094,2024/04/08,1126.0,1485.0,1094.0,1448.0,1158.0,1523.0,0.0519,0.38924,-0.91967,-0.05374,0.40564,-0.91245,6.031,6.345
1024112748,2024/04/08,1128.0,1490.0,1094.0,1448.0,1162.0,1532.0,0.0519,0.38924,-0.91967,-0.05248,0.40814,-0.91141,6.031,6.2
1024129403,2024/04/08,1124.0,1492.0,1098.0,1454.0,1151.0,1529.0,0.05398,0.39139,-0.91864,-0.05497,0.40791,-0.91137,6.04,6.193
1024146058,2024/04/08,1117.0,1479.0,1098.0,1454.0,1135.0,1504.0,0.05444,0.39207,-0.91832,-0.0594,0.40206,-0.91368,6.04,6.317
1024162712,2024/04/08,1118.0,1480.0,1098.0,1460.0,1138.0,1500.0,0.05501,0.39342,-0.91771,-0.05819,0.40111,-0.91418,6.045,6.317
1024179367,2024/04/08,1127.0,1490.0,1098.0,1460.0,1156.0,1521.0,0.05492,0.39304,-0.91788,-0.05266,0.40633,-0.91221,6.045,6.192
1024196021,2024/04/08,1115.0,1431.0,1115.0,1431.0,nan,nan,0.06196,0.38726,-0.91989,nan,nan,nan,5.996,nan
1024212676,2024/04/08,1115.0,1431.0,1115.0,1431.0,nan,nan,0.06196,0.38726,-0.91989,nan,nan,nan,5.996,nan
1024229330,2024/04/08,1134.0,1474.0,1097.0,1426.0,1170.0,1521.0,0.0555,0.38536,-0.9211,-0.04677,0.40879,-0.91143,5.945,6.13
1024245985,2024/04/08,1134.0,1474.0,1097.0,1426.0,1170.0,1521.0,0.0555,0.38536,-0.9211,-0.04677,0.4088,-0.91143,5.945,6.13
1024262640,2024/04/08,1140.0,1474.0,1106.0,1436.0,1173.0,1512.0,0.05851,0.387,-0.92022,-0.04595,0.4051,-0.91311,5.957,6.137
1024279294,2024/04/08,1125.0,1412.0,1103.0,1340.0,1148.0,1485.0,0.05804,0.36059,-0.93092,-0.05393,0.39772,-0.91592,5.837,6.269
1024295949,2024/04/08,1084.0,1285.0,1045.0,1214.0,1123.0,1356.0,0.04107,0.32557,-0.94463,-0.06189,0.36287,-0.92978,5.875,6.271
1024312604,2024/04/08,955.0,1046.0,860.0,1016.0,1050.0,1076.0,-0.0194,0.2686,-0.96306,-0.08822,0.28272,-0.95514,6.121,6.212
1024329258,2024/04/08,805.0,814.0,688.0,779.0,922.0,849.0,-0.07594,0.19407,-0.97804,-0.12979,0.21225,-0.96856,6.238,6.224
1024345912,2024/04/08,748.0,757.0,682.0,755.0,815.0,760.0,-0.07952,0.18708,-0.97912,-0.16607,0.1838,-0.96883,6.25,6.289
1024362567,2024/04/08,723.0,757.0,671.0,768.0,775.0,746.0,-0.08101,0.19154,-0.97814,-0.17794,0.17951,-0.96753,6.151,6.282
1024379221,2024/04/08,722.0,749.0,678.0,753.0,765.0,745.0,-0.07845,0.18678,-0.97926,-0.1809,0.1789,-0.96709,6.179,6.291
1024395876,2024/04/08,721.0,746.0,684.0,750.0,759.0,741.0,-0.07645,0.18622,-0.97953,-0.18306,0.17815,-0.96683,6.208,6.31
1024412531,2024/04/08,722.0,751.0,693.0,760.0,751.0,742.0,-0.07334,0.18975,-0.97909,-0.18568,0.17854,-0.96625,6.196,6.315
1024429185,2024/04/08,717.0,756.0,691.0,765.0,743.0,747.0,-0.07365,0.19143,-0.97874,-0.18796,0.18044,-0.96546,6.187,6.313
1024445840,2024/04/08,709.0,762.0,681.0,763.0,737.0,761.0,-0.07729,0.19047,-0.97865,-0.1898,0.18448,-0.96434,6.192,6.323
1024462495,2024/04/08,708.0,764.0,680.0,769.0,737.0,760.0,-0.07773,0.19228,-0.97826,-0.19031,0.18426,-0.96428,6.195,6.326
1024479149,2024/04/08,713.0,768.0,682.0,781.0,744.0,754.0,-0.07739,0.1963,-0.97749,-0.18836,0.18251,-0.96499,6.184,6.322
1024495803,2024/04/08,714.0,768.0,680.0,781.0,748.0,755.0,-0.07847,0.19627,-0.9774,-0.18767,0.1828,-0.96507,6.179,6.322
1024512458,2024/04/08,706.0,763.0,676.0,771.0,736.0,755.0,-0.0803,0.19345,-0.97782,-0.19199,0.18317,-0.96415,6.196,6.323
1024529113,2024/04/08,712.0,762.0,687.0,766.0,738.0,758.0,-0.07738,0.19152,-0.97843,-0.19164,0.18379,-0.9641,6.2,6.324
1024545767,2024/04/08,716.0,761.0,690.0,766.0,742.0,756.0,-0.07677,0.19082,-0.97862,-0.19103,0.18241,-0.96449,6.211,6.332
1024562422,2024/04/08,708.0,761.0,681.0,770.0,734.0,751.0,-0.08033,0.19138,-0.97822,-0.194,0.17985,-0.96437,6.224,6.332
1024579077,2024/04/08,715.0,765.0,696.0,775.0,735.0,756.0,-0.07513,0.19313,-0.97829,-0.19311,0.18128,-0.96428,6.211,6.322
1024595731,2024/04/08,715.0,771.0,698.0,779.0,731.0,763.0,-0.07527,0.19547,-0.97782,-0.19503,0.18452,-0.96328,6.202,6.32
1024612385,2024/04/08,709.0,766.0,681.0,775.0,738.0,758.0,-0.08088,0.19549,-0.97737,-0.19315,0.1843,-0.9637,6.222,6.327
1024629040,2024/04/08,714.0,765.0,685.0,775.0,743.0,754.0,-0.07971,0.19575,-0.97741,-0.19159,0.18336,-0.9642,6.231,6.334
1024645694,2024/04/08,710.0,764.0,688.0,774.0,733.0,754.0,-0.07909,0.19493,-0.97762,-0.19507,0.18271,-0.96362,6.235,6.336
1024662349,2024/04/08,710.0,760.0,688.0,767.0,731.0,753.0,-0.07924,0.19183,-0.97822,-0.19592,0.18153,-0.96367,6.238,6.333
1024679004,2024/04/08,710.0,759.0,683.0,765.0,736.0,754.0,-0.08129,0.19017,-0.97838,-0.19467,0.18102,-0.96402,6.231,6.34
1024695658,2024/04/08,710.0,761.0,679.0,767.0,740.0,755.0,-0.083,0.19103,-0.97807,-0.19398,0.18143,-0.96408,6.228,6.337
1024712313,2024/04/08,701.0,772.0,671.0,788.0,731.0,756.0,-0.08751,0.19948,-0.97599,-0.19862,0.18342,-0.96276,6.133,6.311
1024728968,2024/04/08,703.0,772.0,679.0,784.0,727.0,759.0,-0.08476,0.1989,-0.97635,-0.19955,0.18493,-0.96228,6.136,6.308
1024745622,2024/04/08,713.0,763.0,687.0,767.0,739.0,760.0,-0.08386,0.19337,-0.97754,-0.19668,0.18504,-0.96285,6.238,6.324
1024762276,2024/04/08,710.0,764.0,680.0,771.0,740.0,757.0,-0.08566,0.1939,-0.97727,-0.19617,0.1837,-0.96321,6.228,6.322
1024778931,2024/04/08,728.0,766.0,695.0,778.0,760.0,755.0,-0.08124,0.19515,-0.9774,-0.19055,0.1822,-0.96462,6.222,6.313
1024795586,2024/04/08,743.0,773.0,707.0,782.0,779.0,764.0,-0.07773,0.19581,-0.97756,-0.18518,0.18435,-0.96526,6.228,6.313
1024812240,2024/04/08,739.0,781.0,706.0,787.0,772.0,775.0,-0.07935,0.19726,-0.97713,-0.18869,0.18683,-0.9641,6.226,6.323
1024828895,2024/04/08,740.0,783.0,710.0,790.0,770.0,777.0,-0.07767,0.19963,-0.97679,-0.18892,0.18884,-0.96366,6.218,6.328
1024845550,2024/04/08,742.0,781.0,716.0,787.0,767.0,774.0,-0.07607,0.19953,-0.97693,-0.19023,0.18892,-0.96339,6.218,6.33
1024862204,2024/04/08,739.0,780.0,717.0,784.0,760.0,775.0,-0.07617,0.19913,-0.97701,-0.19264,0.18954,-0.96279,6.235,6.33
1024878858,2024/04/08,743.0,780.0,723.0,780.0,764.0,780.0,-0.07431,0.1977,-0.97744,-0.19147,0.19106,-0.96272,6.238,6.327
1024895513,2024/04/08,741.0,780.0,717.0,783.0,765.0,777.0,-0.07616,0.19838,-0.97716,-0.1913,0.18979,-0.96301,6.24,6.333
1024912167,2024/04/08,731.0,776.0,703.0,783.0,759.0,770.0,-0.08104,0.19767,-0.97691,-0.19353,0.18697,-0.96311,6.25,6.349
1024928822,2024/04/08,736.0,770.0,709.0,775.0,762.0,765.0,-0.07942,0.1953,-0.97752,-0.19267,0.18589,-0.9635,6.252,6.355
1024945477,2024/04/08,747.0,785.0,709.0,781.0,785.0,788.0,-0.07995,0.19771,-0.97699,-0.18621,0.19333,-0.9633,6.258,6.213
1024962131,2024/04/08,738.0,794.0,703.0,789.0,773.0,798.0,-0.08206,0.20091,-0.97617,-0.18983,0.19696,-0.96186,6.255,6.221
1024978786,2024/04/08,733.0,781.0,708.0,790.0,758.0,771.0,-0.08096,0.20205,-0.97602,-0.1957,0.18902,-0.96227,6.258,6.369
1024995441,2024/04/08,737.0,778.0,708.0,780.0,766.0,775.0,-0.08151,0.1983,-0.97675,-0.19316,0.18989,-0.96262,6.245,6.37
1025012095,2024/04/08,738.0,778.0,704.0,777.0,771.0,779.0,-0.08327,0.196,-0.97706,-0.19209,0.18998,-0.96281,6.246,6.372
1025028749,2024/04/08,728.0,779.0,692.0,787.0,763.0,771.0,-0.08754,0.1984,-0.9762,-0.19505,0.18646,-0.96291,6.271,6.373
1025045404,2024/04/08,714.0,775.0,679.0,784.0,749.0,765.0,-0.09201,0.19766,-0.97594,-0.1997,0.18446,-0.96234,6.278,6.372
1025062059,2024/04/08,713.0,770.0,679.0,779.0,746.0,762.0,-0.09233,0.19647,-0.97615,-0.20089,0.18373,-0.96223,6.287,6.376
1025078713,2024/04/08,715.0,769.0,681.0,780.0,749.0,759.0,-0.09179,0.19785,-0.97593,-0.20018,0.18401,-0.96232,6.289,6.389
1025095368,2024/04/08,716.0,769.0,680.0,777.0,752.0,760.0,-0.09261,0.19727,-0.97596,-0.19961,0.18468,-0.96231,6.29,6.394
1025112023,2024/04/08,714.0,762.0,676.0,772.0,752.0,753.0,-0.09409,0.19474,-0.97633,-0.19991,0.18131,-0.96289,6.296,6.4
1025128677,2024/04/08,714.0,760.0,679.0,766.0,748.0,754.0,-0.0934,0.19181,-0.97698,-0.20135,0.18095,-0.96266,6.289,6.398
1025145331,2024/04/08,714.0,767.0,683.0,771.0,746.0,763.0,-0.09257,0.19285,-0.97685,-0.20251,0.18275,-0.96208,6.3,6.392
1025161986,2024/04/08,714.0,770.0,682.0,781.0,746.0,759.0,-0.09329,0.19594,-0.97617,-0.20287,0.18127,-0.96228,6.308,6.394
1025178640,2024/04/08,713.0,769.0,677.0,779.0,748.0,759.0,-0.09523,0.1955,-0.97607,-0.2026,0.18183,-0.96223,6.303,6.394
1025195295,2024/04/08,711.0,773.0,673.0,780.0,749.0,766.0,-0.09723,0.196,-0.97577,-0.2028,0.184,-0.96178,6.306,6.393
1025211950,2024/04/08,712.0,776.0,679.0,782.0,745.0,769.0,-0.0952,0.19617,-0.97594,-0.2042,0.18424,-0.96144,6.299,6.389
1025228604,2024/04/08,713.0,775.0,680.0,782.0,747.0,767.0,-0.09527,0.19523,-0.97612,-0.20345,0.18289,-0.96185,6.292,6.389
1025245259,2024/04/08,717.0,772.0,677.0,782.0,757.0,762.0,-0.09599,0.19503,-0.97609,-0.2001,0.1811,-0.96289,6.295,6.391
1025261914,2024/04/08,717.0,770.0,677.0,781.0,758.0,758.0,-0.09586,0.1943,-0.97625,-0.19991,0.17949,-0.96323,6.304,6.395
1025278568,2024/04/08,717.0,772.0,681.0,783.0,753.0,761.0,-0.09374,0.19546,-0.97622,-0.20046,0.18075,-0.96288,6.301,6.393
1025295222,2024/04/08,714.0,774.0,681.0,780.0,747.0,768.0,-0.09297,0.19465,-0.97646,-0.2017,0.18308,-0.96218,6.304,6.394
1025311877,2024/04/08,691.0,775.0,655.0,781.0,727.0,768.0,-0.09997,0.19564,-0.97557,-0.20642,0.18411,-0.96099,6.313,6.395
1025328532,2024/04/08,660.0,771.0,622.0,785.0,699.0,758.0,-0.10919,0.19668,-0.97437,-0.21386,0.18072,-0.96,6.317,6.406
1025345186,2024/04/08,651.0,768.0,617.0,782.0,684.0,754.0,-0.10935,0.19589,-0.97451,-0.21681,0.17977,-0.95952,6.328,6.42
1025361841,2024/04/08,653.0,768.0,621.0,779.0,684.0,757.0,-0.10684,0.19447,-0.97507,-0.21565,0.18013,-0.95971,6.323,6.417
1025378496,2024/04/08,657.0,768.0,623.0,777.0,690.0,759.0,-0.10475,0.19282,-0.97563,-0.2123,0.18052,-0.96039,6.32,6.417
1025395150,2024/04/08,658.0,766.0,627.0,773.0,690.0,759.0,-0.10238,0.19156,-0.97613,-0.2111,0.18076,-0.96061,6.318,6.419
1025411804,2024/04/08,653.0,767.0,626.0,777.0,679.0,756.0,-0.10174,0.19306,-0.9759,-0.21342,0.1801,-0.96022,6.307,6.427
1025428459,2024/04/08,658.0,765.0,626.0,779.0,689.0,751.0,-0.10072,0.19455,-0.97571,-0.20943,0.18003,-0.96111,6.304,6.427
1025445113,2024/04/08,654.0,760.0,617.0,769.0,690.0,751.0,-0.10296,0.19222,-0.97594,-0.20863,0.18104,-0.96109,6.307,6.43
1025461768,2024/04/08,648.0,765.0,611.0,772.0,685.0,757.0,-0.10406,0.19298,-0.97567,-0.20922,0.18289,-0.96061,6.307,6.429
1025478423,2024/04/08,655.0,766.0,619.0,774.0,691.0,757.0,-0.10223,0.19291,-0.97588,-0.20789,0.18233,-0.96101,6.302,6.419
1025495077,2024/04/08,658.0,764.0,625.0,773.0,691.0,755.0,-0.0999,0.1918,-0.97634,-0.20777,0.18118,-0.96125,6.3,6.415
1025511732,2024/04/08,659.0,761.0,630.0,770.0,689.0,751.0,-0.09823,0.19089,-0.97668,-0.20861,0.18013,-0.96127,6.301,6.42
1025528387,2024/04/08,666.0,757.0,631.0,770.0,702.0,744.0,-0.09799,0.192,-0.97649,-0.20474,0.17901,-0.96231,6.308,6.423
1025545042,2024/04/08,699.0,760.0,659.0,775.0,740.0,745.0,-0.08952,0.1943,-0.97685,-0.1933,0.18014,-0.96446,6.304,6.424
1025561695,2024/04/08,732.0,769.0,695.0,778.0,768.0,759.0,-0.07796,0.19521,-0.97766,-0.18489,0.1844,-0.9653,6.3,6.419
1025578350,2024/04/08,735.0,785.0,699.0,786.0,771.0,784.0,-0.07643,0.19723,-0.97737,-0.18349,0.19172,-0.96414,6.305,6.409
1025595005,2024/04/08,737.0,785.0,704.0,783.0,771.0,786.0,-0.07444,0.19566,-0.97784,-0.18336,0.19161,-0.96419,6.32,6.416
1025611659,2024/04/08,734.0,770.0,702.0,781.0,765.0,758.0,-0.0749,0.19493,-0.97795,-0.18532,0.18212,-0.96565,6.302,6.422
1025628314,2024/04/08,735.0,769.0,703.0,786.0,767.0,753.0,-0.07457,0.19678,-0.97761,-0.18475,0.18056,-0.96606,6.299,6.425
1025644969,2024/04/08,742.0,770.0,711.0,784.0,774.0,755.0,-0.07157,0.19693,-0.9778,-0.18218,0.18238,-0.9662,6.307,6.423
1025661623,2024/04/08,741.0,769.0,708.0,782.0,775.0,756.0,-0.0722,0.1969,-0.97776,-0.18151,0.18307,-0.9662,6.308,6.417
1025678278,2024/04/08,741.0,768.0,707.0,782.0,776.0,754.0,-0.07191,0.19669,-0.97783,-0.18061,0.18221,-0.96653,6.313,6.421
1025694932,2024/04/08,745.0,764.0,712.0,774.0,778.0,753.0,-0.06979,0.19428,-0.97846,-0.1794,0.18191,-0.96681,6.306,6.423
1025711586,2024/04/08,740.0,763.0,706.0,774.0,775.0,751.0,-0.07122,0.19454,-0.97831,-0.18003,0.18178,-0.96672,6.289,6.42
1025728241,2024/04/08,739.0,764.0,706.0,779.0,773.0,748.0,-0.07069,0.19656,-0.97794,-0.18018,0.18104,-0.96683,6.294,6.423
1025744896,2024/04/08,750.0,763.0,718.0,781.0,782.0,745.0,-0.06619,0.19748,-0.97807,-0.17672,0.18041,-0.96759,6.288,6.431
1025761550,2024/04/08,747.0,764.0,720.0,784.0,775.0,744.0,-0.065,0.19846,-0.97795,-0.17856,0.18037,-0.96726,6.287,6.417
1025778205,2024/04/08,738.0,767.0,706.0,787.0,770.0,746.0,-0.06895,0.19963,-0.97744,-0.1796,0.18143,-0.96687,6.284,6.423
1025794860,2024/04/08,739.0,760.0,701.0,773.0,777.0,747.0,-0.07015,0.1954,-0.97821,-0.1771,0.18215,-0.96719,6.283,6.439
1025811515,2024/04/08,739.0,760.0,706.0,767.0,772.0,753.0,-0.06837,0.19353,-0.97871,-0.17825,0.18423,-0.96658,6.291,6.431
1025828168,2024/04/08,737.0,766.0,711.0,776.0,764.0,757.0,-0.06641,0.19656,-0.97824,-0.18048,0.18561,-0.96591,6.302,6.432
1025844823,2024/04/08,709.0,768.0,679.0,774.0,738.0,762.0,-0.07578,0.19569,-0.97773,-0.18773,0.1869,-0.96427,6.322,6.436
1025861478,2024/04/08,646.0,763.0,607.0,774.0,686.0,752.0,-0.09861,0.19443,-0.97595,-0.20344,0.18253,-0.96192,6.326,6.446
1025878132,2024/04/08,612.0,759.0,580.0,776.0,643.0,742.0,-0.10736,0.19398,-0.97511,-0.21647,0.17786,-0.95995,6.33,6.457
1025894787,2024/04/08,614.0,760.0,585.0,777.0,643.0,743.0,-0.10543,0.19454,-0.97521,-0.21645,0.17844,-0.95985,6.321,6.447
1025911442,2024/04/08,613.0,765.0,578.0,777.0,648.0,752.0,-0.10743,0.195,-0.9749,-0.21451,0.18201,-0.95961,6.307,6.422
1025928096,2024/04/08,609.0,763.0,582.0,775.0,636.0,751.0,-0.10596,0.19453,-0.97516,-0.21786,0.1817,-0.95892,6.303,6.403
1025944751,2024/04/08,614.0,765.0,587.0,783.0,641.0,748.0,-0.10371,0.19645,-0.97501,-0.21589,0.18018,-0.95965,6.295,6.411
1025961405,2024/04/08,621.0,768.0,588.0,787.0,654.0,749.0,-0.10306,0.19723,-0.97493,-0.2115,0.18039,-0.96059,6.292,6.426
1025978059,2024/04/08,623.0,764.0,597.0,782.0,650.0,746.0,-0.09995,0.19489,-0.97572,-0.21282,0.17848,-0.96065,6.296,6.421
1025994714,2024/04/08,621.0,764.0,597.0,778.0,646.0,751.0,-0.09989,0.19374,-0.97595,-0.2139,0.18011,-0.96011,6.291,6.417
1026011369,2024/04/08,621.0,764.0,596.0,782.0,645.0,747.0,-0.10008,0.19517,-0.97565,-0.21391,0.1791,-0.96029,6.295,6.424
1026028023,2024/04/08,614.0,768.0,589.0,788.0,639.0,749.0,-0.10209,0.19688,-0.9751,-0.21572,0.17944,-0.95983,6.299,6.404
1026044678,2024/04/08,617.0,774.0,592.0,789.0,642.0,759.0,-0.1013,0.19597,-0.97536,-0.21479,0.18156,-0.95964,6.292,6.405
1026061333,2024/04/08,623.0,770.0,596.0,785.0,649.0,755.0,-0.09979,0.19398,-0.97592,-0.21257,0.17942,-0.96053,6.29,6.43
1026077988,2024/04/08,620.0,773.0,591.0,789.0,649.0,757.0,-0.10138,0.19459,-0.97563,-0.21259,0.17989,-0.96044,6.289,6.43
1026094641,2024/04/08,623.0,782.0,599.0,801.0,647.0,764.0,-0.09876,0.19875,-0.97506,-0.21314,0.18207,-0.95991,6.274,6.436
1026111296,2024/04/08,629.0,806.0,590.0,820.0,669.0,793.0,-0.1018,0.20421,-0.97362,-0.20623,0.19089,-0.9597,6.178,6.289
1026127951,2024/04/08,695.0,1355.0,695.0,1355.0,nan,nan,-0.06427,0.36091,-0.93038,nan,nan,nan,6.191,nan
1026144605,2024/04/08,695.0,1355.0,695.0,1355.0,nan,nan,-0.06508,0.3618,-0.92998,nan,nan,nan,6.191,nan
1026161260,2024/04/08,772.0,1570.0,731.0,1546.0,813.0,1595.0,-0.05368,0.4128,-0.90924,-0.15011,0.41905,-0.89547,5.988,6.214
1026177915,2024/04/08,774.0,1557.0,735.0,1520.0,813.0,1595.0,-0.05281,0.40457,-0.91298,-0.15031,0.4175,-0.89616,6.101,6.214
1026194569,2024/04/08,770.0,1553.0,731.0,1518.0,808.0,1589.0,-0.05408,0.4043,-0.91303,-0.15187,0.41629,-0.89646,6.104,6.226
1026211224,2024/04/08,766.0,1565.0,724.0,1542.0,808.0,1589.0,-0.0561,0.41041,-0.91017,-0.15187,0.41629,-0.89646,5.994,6.226
1026227878,2024/04/08,783.0,1566.0,753.0,1532.0,814.0,1600.0,-0.04732,0.40886,-0.91137,-0.15017,0.42003,-0.895,6.002,6.236
1026244532,2024/04/08,787.0,1554.0,761.0,1508.0,814.0,1600.0,-0.045,0.4027,-0.91422,-0.15027,0.42001,-0.89499,6.127,6.236
1026261187,2024/04/08,787.0,1548.0,756.0,1510.0,818.0,1586.0,-0.04665,0.4031,-0.91397,-0.14939,0.41645,-0.8968,6.124,6.222
1026277842,2024/04/08,781.0,1551.0,744.0,1515.0,818.0,1586.0,-0.05044,0.40468,-0.91307,-0.14927,0.41668,-0.89671,6.105,6.222
1026294496,2024/04/08,772.0,1550.0,737.0,1511.0,807.0,1588.0,-0.05251,0.40372,-0.91337,-0.15223,0.41721,-0.89597,6.09,6.212
1026311151,2024/04/08,771.0,1547.0,734.0,1506.0,807.0,1588.0,-0.05331,0.40299,-0.91365,-0.15209,0.41762,-0.8958,6.093,6.212
1026327806,2024/04/08,778.0,1543.0,736.0,1502.0,819.0,1583.0,-0.05247,0.40213,-0.91408,-0.14833,0.41696,-0.89674,6.084,6.195
1026344461,2024/04/08,783.0,1541.0,747.0,1499.0,819.0,1583.0,-0.0488,0.40143,-0.91459,-0.14809,0.41697,-0.89677,6.082,6.195
1026361114,2024/04/08,772.0,1547.0,741.0,1501.0,804.0,1593.0,-0.05034,0.40187,-0.91431,-0.15233,0.41906,-0.89509,6.075,6.188
1026377769,2024/04/08,770.0,1547.0,736.0,1500.0,804.0,1593.0,-0.0518,0.40183,-0.91425,-0.15223,0.41906,-0.89511,6.057,6.188
1026394424,2024/04/08,772.0,1503.0,772.0,1503.0,nan,nan,-0.03978,0.40297,-0.91435,nan,nan,nan,6.067,nan
1026411078,2024/04/08,947.0,1516.0,790.0,1527.0,1105.0,1506.0,-0.03487,0.40943,-0.91167,-0.06167,0.40114,-0.91394,5.962,6.482
1026427733,2024/04/08,1133.0,1505.0,1108.0,1474.0,1158.0,1537.0,0.06422,0.39637,-0.91584,-0.04505,0.41103,-0.91051,5.944,6.317
1026444388,2024/04/08,1156.0,1507.0,1124.0,1472.0,1189.0,1541.0,0.06927,0.39519,-0.91598,-0.03543,0.41166,-0.91065,6.047,6.321
1026461042,2024/04/08,1152.0,1511.0,1128.0,1484.0,1176.0,1538.0,0.07104,0.39811,-0.91458,-0.03895,0.4107,-0.91094,6.052,6.328
1026477697,2024/04/08,1150.0,1528.0,1115.0,1495.0,1185.0,1561.0,0.06554,0.40068,-0.91387,-0.03736,0.4162,-0.9085,5.953,6.166
1026494351,2024/04/08,1155.0,1529.0,1125.0,1493.0,1186.0,1565.0,0.07009,0.39991,-0.91387,-0.03596,0.41696,-0.90822,5.927,6.162
1026511005,2024/04/08,1146.0,1511.0,1125.0,1493.0,1168.0,1529.0,0.07119,0.39989,-0.91379,-0.04036,0.40761,-0.91227,5.927,6.307
1026527660,2024/04/08,1147.0,1506.0,1131.0,1487.0,1164.0,1525.0,0.07345,0.39726,-0.91476,-0.04128,0.40564,-0.9131,5.904,6.302
1026544315,2024/04/08,1151.0,1496.0,1131.0,1487.0,1172.0,1505.0,0.07409,0.39702,-0.91481,-0.03833,0.40047,-0.91551,5.904,6.258
1026560969,2024/04/08,1150.0,1493.0,1124.0,1482.0,1175.0,1505.0,0.07247,0.39523,-0.91572,-0.03707,0.39996,-0.91578,5.863,6.256
1026577624,2024/04/08,1145.0,1506.0,1124.0,1482.0,1166.0,1529.0,0.07312,0.39538,-0.9156,-0.03892,0.4064,-0.91287,5.863,6.272
1026594279,2024/04/08,1144.0,1505.0,1127.0,1487.0,1161.0,1524.0,0.0741,0.39636,-0.9151,-0.04009,0.40495,-0.91346,5.855,6.269
1026610934,2024/04/08,1150.0,1516.0,1127.0,1487.0,1173.0,1545.0,0.0741,0.39636,-0.9151,-0.03645,0.41047,-0.91115,5.855,6.144
1026627587,2024/04/08,1138.0,1497.0,1115.0,1465.0,1161.0,1529.0,0.07203,0.39049,-0.91779,-0.03878,0.40642,-0.91286,5.82,6.142
1026644242,2024/04/08,1062.0,1373.0,1032.0,1363.0,1093.0,1384.0,0.04604,0.36236,-0.9309,-0.06186,0.36647,-0.92837,5.906,6.251
1026660897,2024/04/08,939.0,1176.0,928.0,1236.0,950.0,1116.0,0.01676,0.32853,-0.94435,-0.10611,0.29049,-0.95098,6.013,6.259
1026677551,2024/04/08,874.0,993.0,nan,nan,874.0,993.0,nan,nan,nan,-0.12894,0.25537,-0.95821,nan,6.159
1026694206,2024/04/08,432.0,806.0,432.0,806.0,nan,nan,-0.14388,0.19856,-0.96947,nan,nan,nan,5.947,nan
1026710861,2024/04/08,496.0,742.0,443.0,770.0,549.0,714.0,-0.14081,0.1874,-0.97214,-0.23323,0.16601,-0.95815,6.007,6.383
1026727515,2024/04/08,509.0,740.0,467.0,755.0,550.0,724.0,-0.13382,0.18344,-0.97388,-0.23396,0.17017,-0.95724,6.0,6.271
1026744170,2024/04/08,517.0,747.0,483.0,759.0,552.0,734.0,-0.12853,0.18358,-0.97456,-0.23289,0.17211,-0.95715,6.005,6.159
1026760824,2024/04/08,505.0,755.0,482.0,761.0,527.0,749.0,-0.12916,0.18439,-0.97433,-0.24043,0.17672,-0.95444,6.017,6.147
1026777478,2024/04/08,504.0,755.0,482.0,770.0,526.0,739.0,-0.13086,0.18684,-0.97364,-0.24352,0.17315,-0.95432,6.009,6.268
1026794133,2024/04/08,509.0,754.0,490.0,772.0,528.0,737.0,-0.12832,0.18797,-0.97376,-0.24306,0.17322,-0.95442,6.016,6.289
1026810788,2024/04/08,508.0,755.0,487.0,769.0,530.0,741.0,-0.12994,0.18767,-0.9736,-0.24322,0.17484,-0.95408,6.031,6.293
1026827442,2024/04/08,506.0,759.0,484.0,771.0,528.0,747.0,-0.13145,0.18849,-0.97324,-0.24452,0.17674,-0.9534,6.041,6.298
1026844097,2024/04/08,505.0,754.0,490.0,772.0,521.0,736.0,-0.13004,0.18922,-0.97329,-0.24727,0.17346,-0.95329,6.05,6.312
1026860752,2024/04/08,507.0,753.0,486.0,770.0,527.0,736.0,-0.13171,0.18872,-0.97316,-0.24594,0.17396,-0.95355,6.058,6.319
1026877407,2024/04/08,503.0,753.0,481.0,767.0,524.0,739.0,-0.1338,0.18849,-0.97292,-0.2473,0.17544,-0.95292,6.068,6.323
1026894061,2024/04/08,509.0,758.0,493.0,775.0,525.0,742.0,-0.13048,0.19079,-0.97292,-0.24774,0.17625,-0.95266,6.062,6.324
1026910715,2024/04/08,513.0,766.0,492.0,787.0,534.0,745.0,-0.13149,0.19467,-0.97202,-0.24561,0.17732,-0.95301,6.053,6.32
1026927370,2024/04/08,513.0,760.0,487.0,780.0,538.0,741.0,-0.13357,0.19281,-0.9721,-0.24508,0.17643,-0.95331,6.05,6.313
1026944024,2024/04/08,511.0,756.0,493.0,772.0,529.0,739.0,-0.13258,0.19064,-0.97267,-0.24865,0.17574,-0.95252,6.059,6.314
1026960679,2024/04/08,510.0,763.0,493.0,781.0,527.0,744.0,-0.13333,0.1935,-0.972,-0.24972,0.17738,-0.95193,6.054,6.313
1026977334,2024/04/08,510.0,764.0,488.0,782.0,531.0,746.0,-0.13607,0.19282,-0.97175,-0.24954,0.17712,-0.95203,6.034,6.308
1026993988,2024/04/08,495.0,766.0,467.0,783.0,523.0,749.0,-0.14376,0.19223,-0.97076,-0.2528,0.17738,-0.95112,6.028,6.3
1027010643,2024/04/08,485.0,780.0,459.0,794.0,511.0,766.0,-0.14723,0.19605,-0.96948,-0.25712,0.18261,-0.94897,6.029,6.293
1027027298,2024/04/08,479.0,788.0,454.0,805.0,503.0,772.0,-0.14927,0.20083,-0.96819,-0.25996,0.18541,-0.94765,6.021,6.291
1027043951,2024/04/08,472.0,795.0,444.0,824.0,501.0,766.0,-0.15258,0.20846,-0.96606,-0.26054,0.18473,-0.94763,5.952,6.285
1027060606,2024/04/08,468.0,784.0,449.0,820.0,487.0,747.0,-0.15182,0.20764,-0.96635,-0.26557,0.17882,-0.94736,5.932,6.395
1027077261,2024/04/08,472.0,779.0,462.0,806.0,481.0,753.0,-0.15018,0.20283,-0.96763,-0.26937,0.17923,-0.94621,5.997,6.399
1027093915,2024/04/08,479.0,785.0,461.0,802.0,498.0,769.0,-0.149,0.2017,-0.96805,-0.26301,0.18527,-0.94684,6.005,6.29
1027110570,2024/04/08,480.0,781.0,458.0,794.0,502.0,768.0,-0.1501,0.19888,-0.96846,-0.2619,0.18487,-0.94722,6.006,6.298
1027127225,2024/04/08,477.0,781.0,459.0,795.0,496.0,767.0,-0.14963,0.19965,-0.96838,-0.26397,0.18502,-0.94662,6.009,6.304
1027143880,2024/04/08,474.0,785.0,455.0,803.0,494.0,767.0,-0.15095,0.20334,-0.9674,-0.26459,0.18618,-0.94622,6.011,6.305
1027160534,2024/04/08,478.0,786.0,457.0,805.0,498.0,766.0,-0.15035,0.20461,-0.96723,-0.26328,0.18674,-0.94647,6.013,6.307
1027177188,2024/04/08,480.0,789.0,465.0,805.0,495.0,773.0,-0.14796,0.20428,-0.96767,-0.26445,0.18869,-0.94576,6.019,6.317
1027193843,2024/04/08,475.0,786.0,459.0,799.0,490.0,772.0,-0.14968,0.20243,-0.96779,-0.26585,0.18843,-0.94542,6.019,6.316
1027210497,2024/04/08,479.0,786.0,465.0,798.0,492.0,775.0,-0.14763,0.20282,-0.96802,-0.26489,0.18997,-0.94538,6.022,6.309
1027227152,2024/04/08,478.0,791.0,465.0,804.0,491.0,778.0,-0.14719,0.20538,-0.96755,-0.26489,0.19164,-0.94504,6.031,6.319
1027243807,2024/04/08,466.0,792.0,447.0,809.0,485.0,775.0,-0.15296,0.20737,-0.96623,-0.26701,0.19145,-0.94448,6.049,6.344
1027260461,2024/04/08,470.0,786.0,450.0,797.0,490.0,775.0,-0.15194,0.20298,-0.96732,-0.26548,0.19063,-0.94508,6.061,6.351
1027277116,2024/04/08,474.0,776.0,458.0,786.0,490.0,765.0,-0.1502,0.20014,-0.96819,-0.26617,0.18824,-0.94537,6.068,6.353
1027293771,2024/04/08,469.0,782.0,457.0,794.0,481.0,769.0,-0.15061,0.20313,-0.9675,-0.26915,0.18965,-0.94424,6.072,6.339
1027310424,2024/04/08,470.0,786.0,459.0,801.0,481.0,772.0,-0.15051,0.20574,-0.96696,-0.26968,0.19112,-0.9438,6.075,6.335
1027327079,2024/04/08,471.0,780.0,456.0,795.0,485.0,764.0,-0.15174,0.2046,-0.96701,-0.26882,0.18921,-0.94442,6.087,6.352
1027343734,2024/04/08,467.0,781.0,443.0,803.0,491.0,759.0,-0.15728,0.20649,-0.96572,-0.26809,0.18747,-0.94498,6.026,6.356
1027360388,2024/04/08,248.0,577.0,-1.0,390.0,498.0,764.0,-0.30155,0.0666,-0.95112,-0.26766,0.18666,-0.94526,6.164,6.355
1027377043,2024/04/08,248.0,579.0,-1.0,390.0,498.0,767.0,-0.3022,0.06583,-0.95097,-0.26784,0.18708,-0.94513,6.164,6.334
1027393698,2024/04/08,470.0,789.0,442.0,812.0,497.0,765.0,-0.15985,0.20667,-0.96527,-0.26787,0.18674,-0.94518,6.023,6.319
1027410353,2024/04/08,479.0,785.0,460.0,795.0,499.0,774.0,-0.15427,0.20253,-0.96705,-0.26731,0.1905,-0.94459,6.09,6.312
1027427007,2024/04/08,482.0,783.0,460.0,789.0,504.0,777.0,-0.15436,0.20129,-0.96729,-0.26612,0.19169,-0.94469,6.097,6.305
1027443661,2024/04/08,485.0,784.0,466.0,790.0,503.0,778.0,-0.15231,0.20155,-0.96756,-0.26604,0.19175,-0.9447,6.11,6.302
1027460316,2024/04/08,481.0,787.0,462.0,798.0,500.0,776.0,-0.15341,0.20309,-0.96707,-0.26714,0.19018,-0.94471,6.117,6.308
1027476970,2024/04/08,478.0,786.0,457.0,802.0,499.0,770.0,-0.15439,0.20367,-0.96679,-0.26702,0.18748,-0.94528,6.133,6.313
1027493625,2024/04/08,474.0,783.0,458.0,795.0,491.0,771.0,-0.1539,0.20119,-0.96739,-0.26926,0.18754,-0.94463,6.145,6.311
1027510280,2024/04/08,475.0,780.0,453.0,791.0,497.0,769.0,-0.15503,0.20033,-0.96739,-0.26718,0.18728,-0.94527,6.149,6.321
1027526934,2024/04/08,480.0,778.0,453.0,790.0,507.0,766.0,-0.15472,0.2006,-0.96738,-0.26386,0.18716,-0.94623,6.155,6.33
1027543589,2024/04/08,476.0,772.0,454.0,784.0,499.0,759.0,-0.15432,0.19894,-0.96779,-0.26601,0.18508,-0.94604,6.165,6.342
1027560244,2024/04/08,472.0,770.0,450.0,782.0,494.0,758.0,-0.1551,0.19779,-0.9679,-0.26721,0.18411,-0.94589,6.17,6.345
1027576897,2024/04/08,471.0,772.0,452.0,784.0,490.0,761.0,-0.15409,0.19781,-0.96805,-0.26808,0.1843,-0.9456,6.174,6.346
1027593552,2024/04/08,471.0,771.0,455.0,783.0,486.0,758.0,-0.15271,0.19712,-0.96841,-0.26884,0.18317,-0.94561,6.181,6.347
1027610207,2024/04/08,468.0,775.0,454.0,785.0,483.0,765.0,-0.15285,0.19752,-0.96831,-0.26944,0.18522,-0.94504,6.19,6.34
1027626861,2024/04/08,468.0,777.0,454.0,787.0,482.0,766.0,-0.1525,0.19821,-0.96822,-0.26942,0.1853,-0.94503,6.192,6.34
1027643516,2024/04/08,475.0,772.0,461.0,783.0,489.0,761.0,-0.14986,0.19697,-0.96889,-0.26705,0.18404,-0.94595,6.194,6.345
1027660171,2024/04/08,471.0,775.0,457.0,786.0,484.0,764.0,-0.15067,0.19789,-0.96858,-0.2678,0.18489,-0.94557,6.192,6.337
1027676826,2024/04/08,468.0,777.0,455.0,787.0,480.0,767.0,-0.15042,0.19858,-0.96847,-0.26828,0.18611,-0.94519,6.193,6.326
1027693480,2024/04/08,475.0,769.0,458.0,776.0,492.0,763.0,-0.14904,0.19515,-0.96938,-0.26414,0.1849,-0.9466,6.206,6.343
1027710134,2024/04/08,474.0,767.0,456.0,775.0,493.0,760.0,-0.14901,0.1943,-0.96956,-0.26342,0.18392,-0.94699,6.21,6.354
1027726789,2024/04/08,465.0,768.0,441.0,779.0,488.0,757.0,-0.15317,0.19508,-0.96875,-0.26422,0.18241,-0.94706,6.209,6.347
1027743443,2024/04/08,455.0,774.0,426.0,787.0,483.0,760.0,-0.15729,0.1967,-0.96777,-0.26499,0.1827,-0.94679,6.207,6.347
1027760098,2024/04/08,450.0,786.0,426.0,802.0,475.0,770.0,-0.15683,0.20126,-0.9669,-0.26672,0.18539,-0.94578,6.194,6.345
1027776753,2024/04/08,449.0,782.0,428.0,798.0,470.0,766.0,-0.15535,0.20051,-0.9673,-0.26771,0.18476,-0.94562,6.2,6.338
1027793407,2024/04/08,452.0,777.0,434.0,783.0,470.0,770.0,-0.15299,0.19639,-0.96852,-0.26709,0.18672,-0.94541,6.2,6.336
1027810062,2024/04/08,452.0,781.0,435.0,786.0,469.0,775.0,-0.1521,0.19724,-0.96848,-0.26683,0.1883,-0.94517,6.191,6.334
1027826717,2024/04/08,453.0,779.0,434.0,788.0,472.0,769.0,-0.15221,0.19712,-0.96849,-0.26555,0.18609,-0.94597,6.198,6.332
1027843370,2024/04/08,453.0,776.0,429.0,785.0,477.0,767.0,-0.15318,0.19538,-0.96869,-0.26366,0.18475,-0.94676,6.19,6.326
1027860025,2024/04/08,451.0,780.0,428.0,790.0,475.0,770.0,-0.15292,0.19671,-0.96846,-0.26369,0.18554,-0.94659,6.182,6.324
1027876680,2024/04/08,452.0,775.0,430.0,784.0,473.0,767.0,-0.152,0.19487,-0.96898,-0.26384,0.18466,-0.94673,6.184,6.329
1027893334,2024/04/08,452.0,772.0,430.0,779.0,474.0,764.0,-0.15155,0.19404,-0.96922,-0.26324,0.18413,-0.947,6.178,6.331
1027909989,2024/04/08,455.0,776.0,432.0,785.0,477.0,768.0,-0.15057,0.19589,-0.969,-0.2618,0.18589,-0.94705,6.166,6.326
1027926644,2024/04/08,475.0,795.0,453.0,806.0,497.0,783.0,-0.14313,0.20265,-0.96873,-0.25529,0.19049,-0.94791,6.173,6.325
1027943299,2024/04/08,487.0,816.0,465.0,826.0,510.0,805.0,-0.13882,0.20839,-0.96815,-0.25066,0.19684,-0.94785,6.179,6.323
1027959953,2024/04/08,487.0,820.0,467.0,828.0,506.0,813.0,-0.13769,0.20821,-0.96834,-0.25147,0.19858,-0.94728,6.185,6.328
1027976607,2024/04/08,489.0,818.0,471.0,824.0,507.0,811.0,-0.13629,0.20687,-0.96883,-0.25081,0.19796,-0.94758,6.189,6.328
1027993262,2024/04/08,491.0,814.0,471.0,821.0,512.0,807.0,-0.13606,0.20602,-0.96904,-0.24923,0.19707,-0.94818,6.175,6.326
1028009916,2024/04/08,486.0,815.0,468.0,822.0,504.0,809.0,-0.13659,0.20671,-0.96882,-0.25106,0.19783,-0.94754,6.162,6.32
1028026571,2024/04/08,481.0,820.0,470.0,830.0,493.0,809.0,-0.13578,0.20952,-0.96833,-0.25414,0.19798,-0.94669,6.161,6.315
1028043226,2024/04/08,489.0,820.0,472.0,831.0,505.0,810.0,-0.13454,0.20967,-0.96847,-0.25015,0.19818,-0.94771,6.162,6.321
1028059880,2024/04/08,493.0,820.0,474.0,827.0,511.0,814.0,-0.13339,0.20821,-0.96895,-0.24782,0.19922,-0.9481,6.162,6.322
1028076535,2024/04/08,497.0,821.0,479.0,826.0,515.0,817.0,-0.1313,0.20729,-0.96943,-0.24626,0.1999,-0.94836,6.163,6.305
1028093190,2024/04/08,493.0,817.0,476.0,822.0,509.0,812.0,-0.13199,0.206,-0.96961,-0.24739,0.1983,-0.94841,6.156,6.302
1028109844,2024/04/08,490.0,819.0,467.0,819.0,512.0,818.0,-0.13417,0.20529,-0.96946,-0.24554,0.20071,-0.94838,6.151,6.202
1028126498,2024/04/08,502.0,814.0,470.0,816.0,534.0,812.0,-0.13294,0.20417,-0.96987,-0.23864,0.19922,-0.95045,6.162,6.22
1028143153,2024/04/08,506.0,816.0,478.0,820.0,534.0,812.0,-0.12939,0.20604,-0.96995,-0.23695,0.19954,-0.95081,6.157,6.22
1028159807,2024/04/08,474.0,822.0,474.0,822.0,nan,nan,-0.13038,0.20698,-0.96962,nan,nan,nan,6.15,nan
1028176462,2024/04/08,482.0,799.0,461.0,828.0,502.0,770.0,-0.13486,0.20831,-0.96872,-0.24645,0.18558,-0.95122,6.144,6.435
1028193117,2024/04/08,484.0,814.0,463.0,832.0,504.0,796.0,-0.1347,0.20876,-0.96865,-0.2466,0.19302,-0.9497,6.148,6.313
1028209772,2024/04/08,488.0,813.0,470.0,828.0,505.0,799.0,-0.13187,0.20654,-0.96951,-0.24588,0.19326,-0.94984,6.148,6.308
1028226426,2024/04/08,480.0,782.0,447.0,798.0,513.0,766.0,-0.13901,0.19813,-0.97027,-0.24383,0.18449,-0.95211,6.13,6.315
1028243081,2024/04/08,470.0,756.0,436.0,770.0,505.0,742.0,-0.14257,0.18943,-0.97149,-0.24664,0.17731,-0.95275,6.116,6.305
1028259735,2024/04/08,466.0,755.0,442.0,769.0,490.0,740.0,-0.14019,0.18897,-0.97192,-0.25077,0.17648,-0.95183,6.108,6.299
1028276389,2024/04/08,465.0,758.0,441.0,779.0,489.0,737.0,-0.13996,0.19122,-0.97152,-0.25073,0.17468,-0.95217,6.095,6.288
1028293044,2024/04/08,471.0,754.0,447.0,774.0,495.0,735.0,-0.13776,0.18901,-0.97226,-0.24882,0.17374,-0.95284,6.094,6.286
1028309699,2024/04/08,470.0,753.0,445.0,768.0,495.0,739.0,-0.13883,0.18658,-0.97258,-0.24897,0.1746,-0.95264,6.09,6.274
1028326353,2024/04/08,464.0,754.0,442.0,775.0,486.0,733.0,-0.13946,0.18947,-0.97193,-0.25176,0.1732,-0.95217,6.065,6.267
1028343008,2024/04/08,468.0,757.0,453.0,781.0,483.0,733.0,-0.13634,0.19247,-0.97179,-0.25292,0.1742,-0.95167,6.049,6.249
1028359663,2024/04/08,471.0,755.0,460.0,775.0,482.0,735.0,-0.1341,0.1914,-0.97231,-0.25343,0.17545,-0.95131,6.034,6.243
1028376317,2024/04/08,469.0,754.0,450.0,776.0,489.0,732.0,-0.13783,0.19021,-0.97202,-0.25174,0.17376,-0.95207,6.02,6.226
1028392971,2024/04/08,469.0,762.0,446.0,788.0,492.0,735.0,-0.13922,0.19334,-0.9712,-0.25105,0.17393,-0.95222,6.016,6.215
1028409626,2024/04/08,468.0,764.0,447.0,789.0,489.0,739.0,-0.13932,0.19222,-0.97141,-0.25212,0.17349,-0.95202,6.008,6.191
1028426280,2024/04/08,470.0,760.0,456.0,782.0,483.0,737.0,-0.13669,0.18957,-0.97231,-0.25415,0.17214,-0.95172,5.97,6.179
1028442935,2024/04/08,470.0,758.0,459.0,781.0,481.0,735.0,-0.13656,0.18916,-0.9724,-0.25558,0.1715,-0.95146,5.952,6.163
1028459590,2024/04/08,490.0,754.0,475.0,777.0,505.0,732.0,-0.13172,0.18893,-0.97312,-0.24881,0.17147,-0.95325,5.951,6.151
1028476245,2024/04/08,525.0,747.0,503.0,772.0,548.0,722.0,-0.1237,0.18837,-0.97428,-0.23687,0.16954,-0.95664,5.949,6.138
1028492899,2024/04/08,542.0,750.0,525.0,783.0,560.0,717.0,-0.11741,0.19151,-0.97444,-0.23419,0.16771,-0.95762,5.949,6.133
1028509554,2024/04/08,538.0,748.0,528.0,781.0,549.0,715.0,-0.1174,0.19016,-0.97471,-0.23823,0.16587,-0.95694,5.931,6.112
1028526208,2024/04/08,540.0,747.0,532.0,776.0,547.0,718.0,-0.11669,0.1871,-0.97539,-0.23957,0.1652,-0.95672,5.907,6.098
1028542862,2024/04/08,542.0,749.0,531.0,777.0,553.0,720.0,-0.11736,0.18633,-0.97545,-0.23809,0.1645,-0.95721,5.888,6.085
1028559517,2024/04/08,540.0,751.0,531.0,783.0,548.0,719.0,-0.11804,0.1875,-0.97515,-0.23983,0.16333,-0.95698,5.878,6.077
1028576172,2024/04/08,548.0,755.0,546.0,784.0,550.0,726.0,-0.11322,0.18812,-0.9756,-0.23952,0.16543,-0.95669,5.875,6.07
1028592826,2024/04/08,545.0,752.0,541.0,781.0,548.0,724.0,-0.11498,0.18708,-0.97559,-0.24006,0.16453,-0.95671,5.869,6.069
1028609481,2024/04/08,542.0,752.0,538.0,776.0,546.0,728.0,-0.11564,0.18519,-0.97587,-0.24039,0.16524,-0.95651,5.876,6.069
1028626136,2024/04/08,539.0,754.0,534.0,777.0,545.0,732.0,-0.11688,0.18399,-0.97596,-0.24031,0.1648,-0.9566,5.872,6.069
1028642790,2024/04/08,527.0,758.0,521.0,783.0,532.0,733.0,-0.1217,0.18421,-0.97532,-0.24474,0.1633,-0.95574,5.864,6.04
1028659444,2024/04/08,535.0,753.0,532.0,779.0,537.0,726.0,-0.11604,0.1798,-0.97684,-0.24109,0.15804,-0.95755,5.865,6.036
1028676099,2024/04/08,545.0,749.0,543.0,782.0,547.0,716.0,-0.11278,0.18025,-0.97713,-0.23865,0.15427,-0.95877,5.864,6.071
1028692753,2024/04/08,554.0,752.0,545.0,784.0,563.0,720.0,-0.11194,0.18049,-0.97719,-0.23327,0.15533,-0.95993,5.846,6.064
1028709408,2024/04/08,618.0,753.0,597.0,779.0,638.0,727.0,-0.09554,0.17867,-0.97926,-0.21074,0.15772,-0.96474,5.815,6.059
1028726063,2024/04/08,692.0,756.0,679.0,775.0,704.0,737.0,-0.06902,0.17725,-0.98174,-0.19055,0.16095,-0.96839,5.818,6.038
1028742718,2024/04/08,704.0,755.0,692.0,777.0,716.0,733.0,-0.06449,0.17723,-0.98205,-0.18634,0.15944,-0.96946,5.825,6.015
1028759372,2024/04/08,699.0,753.0,688.0,778.0,709.0,727.0,-0.06527,0.17668,-0.9821,-0.18784,0.1567,-0.96962,5.825,6.02
1028776027,2024/04/08,693.0,752.0,686.0,778.0,699.0,726.0,-0.06575,0.17525,-0.98233,-0.19086,0.15515,-0.96928,5.825,6.03
1028792681,2024/04/08,691.0,750.0,684.0,782.0,699.0,717.0,-0.06639,0.17605,-0.98214,-0.1909,0.15175,-0.96981,5.823,6.032
1028809335,2024/04/08,691.0,748.0,682.0,775.0,699.0,721.0,-0.06697,0.17344,-0.98256,-0.19075,0.15284,-0.96967,5.842,6.033
1028825990,2024/04/08,692.0,749.0,683.0,769.0,701.0,728.0,-0.06692,0.17232,-0.98276,-0.19005,0.15566,-0.96936,5.854,6.041
1028842645,2024/04/08,686.0,754.0,680.0,770.0,691.0,737.0,-0.06808,0.17264,-0.98263,-0.19321,0.15856,-0.96826,5.854,6.009
1028859299,2024/04/08,677.0,752.0,681.0,769.0,674.0,735.0,-0.06787,0.17226,-0.98271,-0.19843,0.15742,-0.96739,5.859,6.003
1028875954,2024/04/08,685.0,753.0,678.0,771.0,692.0,734.0,-0.06949,0.17222,-0.9826,-0.19338,0.15652,-0.96856,5.839,6.042
1028892609,2024/04/08,685.0,753.0,673.0,767.0,696.0,739.0,-0.07104,0.16996,-0.98289,-0.19222,0.15726,-0.96867,5.844,6.047
1028909263,2024/04/08,663.0,755.0,655.0,773.0,672.0,737.0,-0.07721,0.17109,-0.98222,-0.19982,0.15563,-0.96739,5.87,6.052
1028925917,2024/04/08,645.0,754.0,638.0,775.0,652.0,732.0,-0.08249,0.17188,-0.98166,-0.20612,0.15418,-0.9663,5.881,6.062
1028942572,2024/04/08,641.0,752.0,641.0,767.0,641.0,736.0,-0.08145,0.16962,-0.98214,-0.20875,0.15557,-0.96552,5.895,6.033
1028959226,2024/04/08,639.0,752.0,639.0,766.0,640.0,737.0,-0.0825,0.16958,-0.98206,-0.20918,0.15629,-0.96531,5.906,6.051
1028975881,2024/04/08,642.0,742.0,637.0,761.0,648.0,724.0,-0.08533,0.16778,-0.98212,-0.20924,0.15184,-0.966,5.915,6.097
1028992536,2024/04/08,642.0,745.0,632.0,764.0,653.0,725.0,-0.08712,0.16818,-0.9819,-0.20803,0.15157,-0.96631,5.923,6.097
1029009190,2024/04/08,640.0,751.0,632.0,772.0,648.0,730.0,-0.08798,0.1694,-0.98161,-0.2104,0.15164,-0.96578,5.925,6.092
1029025844,2024/04/08,642.0,748.0,638.0,766.0,646.0,731.0,-0.08651,0.16691,-0.98217,-0.21176,0.15107,-0.96557,5.922,6.097
1029042499,2024/04/08,638.0,735.0,631.0,741.0,645.0,729.0,-0.0903,0.15846,-0.98323,-0.2133,0.15001,-0.9654,5.97,6.106
1029059154,2024/04/08,658.0,725.0,620.0,702.0,697.0,749.0,-0.09537,0.14595,-0.98468,-0.19848,0.15675,-0.96749,6.087,6.102
1029075808,2024/04/08,875.0,811.0,891.0,821.0,860.0,800.0,-0.00925,0.18377,-0.98293,-0.14944,0.17323,-0.97348,6.076,6.116
1029092463,2024/04/08,986.0,897.0,1000.0,975.0,972.0,819.0,0.02454,0.23078,-0.9727,-0.11481,0.17867,-0.97719,5.939,6.178
1029109117,2024/04/08,1095.0,1109.0,1095.0,1109.0,nan,nan,0.05233,0.26943,-0.9616,nan,nan,nan,5.82,nan
1029125771,2024/04/08,nan,nan,nan,nan,nan,nan,nan,nan,nan,nan,nan,nan,nan,nan
1029142426,2024/04/08,1346.0,1539.0,1346.0,1539.0,nan,nan,0.12064,0.38522,-0.91491,nan,nan,nan,6.022,nan
1029159081,2024/04/08,1377.0,1647.0,1385.0,1603.0,1369.0,1691.0,0.13037,0.40228,-0.90619,0.00555,0.42393,-0.90568,5.907,6.017
1029175735,2024/04/08,1390.0,1664.0,1395.0,1636.0,1384.0,1692.0,0.13175,0.4115,-0.90184,0.00858,0.42477,-0.90526,5.895,6.05
1029192390,2024/04/08,1406.0,1668.0,1414.0,1634.0,1398.0,1701.0,0.13679,0.41183,-0.90093,0.01195,0.42797,-0.90372,5.889,6.055
1029209045,2024/04/08,1411.0,1667.0,1435.0,1630.0,1387.0,1703.0,0.14185,0.41123,-0.90043,0.00723,0.42878,-0.90338,5.939,6.052
1029225698,2024/04/08,1407.0,1667.0,1419.0,1632.0,1395.0,1703.0,0.13692,0.41251,-0.90061,0.00909,0.42906,-0.90323,5.94,6.055
1029242353,2024/04/08,1414.0,1676.0,1427.0,1660.0,1400.0,1692.0,0.13783,0.41865,-0.89763,0.00982,0.42558,-0.90487,5.794,6.061
1029259008,2024/04/08,1401.0,1678.0,1412.0,1662.0,1389.0,1694.0,0.13322,0.42006,-0.89767,0.00617,0.42637,-0.90453,5.794,6.053
1029275663,2024/04/08,1402.0,1688.0,1412.0,1662.0,1392.0,1714.0,0.13322,0.42005,-0.89767,0.00689,0.4313,-0.90218,5.794,6.019
1029292317,2024/04/08,1415.0,1682.0,1416.0,1661.0,1414.0,1702.0,0.13385,0.42079,-0.89723,0.01286,0.42908,-0.90317,5.811,6.023
1029308972,2024/04/08,1410.0,1672.0,1416.0,1661.0,1403.0,1683.0,0.13338,0.42142,-0.897,0.00911,0.42509,-0.90511,5.811,6.076
1029325627,2024/04/08,1393.0,1673.0,1397.0,1657.0,1389.0,1689.0,0.12767,0.42161,-0.89775,0.00481,0.42731,-0.90409,5.823,6.078
1029342281,2024/04/08,1394.0,1671.0,1397.0,1657.0,1391.0,1684.0,0.12726,0.42171,-0.89776,0.0051,0.42639,-0.90453,5.823,6.074
1029358936,2024/04/08,1397.0,1661.0,1412.0,1637.0,1383.0,1685.0,0.1323,0.41633,-0.89953,0.00254,0.42635,-0.90456,5.827,6.079
1029375590,2024/04/08,1383.0,1655.0,1392.0,1614.0,1375.0,1697.0,0.12643,0.41062,-0.903,-2e-05,0.42937,-0.90313,5.966,6.096
1029392244,2024/04/08,1365.0,1636.0,1364.0,1596.0,1366.0,1677.0,0.11878,0.40705,-0.90565,-0.00245,0.42491,-0.90523,5.956,6.101
1029408899,2024/04/08,1356.0,1638.0,1360.0,1603.0,1353.0,1672.0,0.11777,0.40999,-0.90446,-0.00582,0.42485,-0.90524,5.808,6.046
1029425554,2024/04/08,1560.0,1285.0,nan,nan,1560.0,1285.0,nan,nan,nan,0.06076,0.32044,-0.94532,nan,6.151
1029442208,2024/04/08,1560.0,1285.0,nan,nan,1560.0,1285.0,nan,nan,nan,0.06351,0.3242,-0.94386,nan,6.151
1029458863,2024/04/08,546.0,830.0,491.0,861.0,601.0,799.0,-0.15897,0.19771,-0.96728,-0.24751,0.16999,-0.95386,5.776,6.009
1029475518,2024/04/08,553.0,793.0,513.0,808.0,592.0,779.0,-0.15101,0.18135,-0.97176,-0.25,0.16411,-0.95424,5.882,6.074
1029492172,2024/04/08,561.0,775.0,535.0,779.0,586.0,771.0,-0.14358,0.17244,-0.9745,-0.25198,0.16162,-0.95414,5.891,6.056
1029508826,2024/04/08,563.0,787.0,540.0,803.0,586.0,770.0,-0.14131,0.18072,-0.97333,-0.25168,0.16171,-0.95421,5.857,6.041
1029525481,2024/04/08,560.0,790.0,542.0,806.0,577.0,775.0,-0.14008,0.18142,-0.97338,-0.25392,0.16297,-0.9534,5.863,6.03
1029542136,2024/04/08,568.0,788.0,555.0,812.0,581.0,764.0,-0.1349,0.18349,-0.97372,-0.25216,0.15983,-0.9544,5.847,6.045
1029558790,2024/04/08,575.0,788.0,560.0,809.0,591.0,767.0,-0.13286,0.18271,-0.97415,-0.24865,0.16119,-0.95509,5.853,6.06
1029575445,2024/04/08,576.0,786.0,562.0,798.0,589.0,774.0,-0.1317,0.18007,-0.9748,-0.24823,0.16411,-0.9547,5.871,6.064
1029592100,2024/04/08,566.0,784.0,549.0,799.0,584.0,770.0,-0.1352,0.18082,-0.97418,-0.24927,0.16368,-0.9545,5.854,6.064
1029608754,2024/04/08,561.0,789.0,546.0,805.0,576.0,773.0,-0.13507,0.18318,-0.97376,-0.25064,0.16518,-0.95389,5.871,6.068
1029625409,2024/04/08,564.0,791.0,550.0,808.0,579.0,774.0,-0.13319,0.1839,-0.97388,-0.24913,0.16538,-0.95425,5.898,6.074
1029642064,2024/04/08,565.0,795.0,546.0,808.0,585.0,782.0,-0.13365,0.18377,-0.97384,-0.24616,0.16835,-0.9545,5.897,6.08
1029658717,2024/04/08,595.0,787.0,579.0,796.0,610.0,779.0,-0.12205,0.18065,-0.97595,-0.23769,0.16812,-0.95668,5.898,6.082
1029675372,2024/04/08,620.0,773.0,602.0,781.0,637.0,765.0,-0.11396,0.17614,-0.97775,-0.22898,0.16422,-0.95948,5.912,6.093
1029692027,2024/04/08,627.0,773.0,610.0,784.0,645.0,762.0,-0.11111,0.17675,-0.97796,-0.22587,0.1634,-0.96036,5.925,6.098
1029708681,2024/04/08,631.0,773.0,613.0,787.0,649.0,760.0,-0.10908,0.17787,-0.97799,-0.22366,0.16338,-0.96088,5.922,6.094
1029725336,2024/04/08,628.0,774.0,608.0,789.0,648.0,759.0,-0.11011,0.17789,-0.97787,-0.22321,0.16273,-0.96109,5.919,6.095
1029741991,2024/04/08,628.0,770.0,610.0,785.0,645.0,756.0,-0.10855,0.17564,-0.97845,-0.2234,0.16084,-0.96137,5.908,6.094
1029758645,2024/04/08,631.0,772.0,616.0,786.0,646.0,758.0,-0.10591,0.17518,-0.97882,-0.22236,0.16092,-0.96159,5.902,6.093
1029775300,2024/04/08,625.0,773.0,610.0,788.0,641.0,758.0,-0.10693,0.1749,-0.97876,-0.22297,0.16003,-0.9616,5.896,6.088
1029791954,2024/04/08,621.0,769.0,607.0,787.0,634.0,751.0,-0.10719,0.17362,-0.97896,-0.22435,0.15698,-0.96178,5.881,6.09
1029808609,2024/04/08,618.0,764.0,605.0,780.0,631.0,748.0,-0.1071,0.17046,-0.97953,-0.22441,0.15546,-0.96201,5.871,6.089
1029825263,2024/04/08,619.0,766.0,606.0,782.0,632.0,749.0,-0.10622,0.17124,-0.97949,-0.22359,0.15591,-0.96213,5.847,6.079
1029841918,2024/04/08,617.0,776.0,599.0,804.0,635.0,748.0,-0.10852,0.17893,-0.97786,-0.22234,0.15643,-0.96234,5.773,6.053
1029858573,2024/04/08,615.0,776.0,596.0,804.0,634.0,748.0,-0.10887,0.17827,-0.97794,-0.22186,0.15591,-0.96253,5.716,6.04
1029875227,2024/04/08,619.0,776.0,604.0,784.0,634.0,768.0,-0.10523,0.17068,-0.97969,-0.22042,0.16135,-0.96197,5.78,5.962
1029891882,2024/04/08,601.0,771.0,588.0,783.0,614.0,760.0,-0.11028,0.16849,-0.97952,-0.2264,0.15692,-0.96131,5.75,5.933
1029908537,2024/04/08,602.0,760.0,583.0,779.0,620.0,740.0,-0.11008,0.16703,-0.97979,-0.22317,0.15071,-0.96306,5.721,5.98
1029925190,2024/04/08,600.0,757.0,585.0,775.0,614.0,740.0,-0.10851,0.16576,-0.98018,-0.22381,0.15099,-0.96286,5.683,5.966
1029941845,2024/04/08,590.0,766.0,569.0,794.0,611.0,737.0,-0.11359,0.17203,-0.97852,-0.22456,0.15042,-0.96278,5.589,5.961
1029958500,2024/04/08,589.0,763.0,570.0,790.0,609.0,735.0,-0.11317,0.17123,-0.97871,-0.22457,0.15044,-0.96277,5.572,5.956
1029975154,2024/04/08,600.0,757.0,590.0,780.0,610.0,733.0,-0.1054,0.16734,-0.98025,-0.22291,0.1491,-0.96337,5.629,5.931
1029991809,2024/04/08,598.0,761.0,589.0,784.0,607.0,737.0,-0.10451,0.16796,-0.98024,-0.22258,0.14973,-0.96335,5.612,5.92
1030008464,2024/04/08,599.0,758.0,593.0,773.0,606.0,743.0,-0.10234,0.16345,-0.98123,-0.22199,0.15068,-0.96333,5.601,5.915
1030025118,2024/04/08,599.0,754.0,590.0,768.0,608.0,740.0,-0.10294,0.16225,-0.98137,-0.22081,0.15032,-0.96366,5.595,5.913
1030041773,2024/04/08,592.0,755.0,578.0,776.0,606.0,735.0,-0.1054,0.16562,-0.98054,-0.22049,0.14943,-0.96388,5.593,5.899
1030058427,2024/04/08,589.0,755.0,579.0,779.0,599.0,731.0,-0.10433,0.16733,-0.98037,-0.22167,0.14885,-0.96369,5.579,5.896
1030075082,2024/04/08,609.0,759.0,596.0,776.0,622.0,743.0,-0.09843,0.16609,-0.98119,-0.21411,0.15277,-0.96479,5.575,5.896
1030091736,2024/04/08,669.0,760.0,660.0,773.0,678.0,747.0,-0.07695,0.16541,-0.98322,-0.19622,0.15461,-0.96829,5.569,5.886
1030108391,2024/04/08,708.0,757.0,696.0,768.0,719.0,746.0,-0.06407,0.16441,-0.98431,-0.18251,0.15477,-0.97095,5.567,5.89
1030125046,2024/04/08,709.0,753.0,699.0,765.0,718.0,741.0,-0.06237,0.16355,-0.98456,-0.18187,0.15325,-0.97131,5.594,5.914
1030141700,2024/04/08,707.0,750.0,695.0,770.0,719.0,730.0,-0.0629,0.16554,-0.9842,-0.18075,0.15051,-0.97194,5.61,5.942
1030158355,2024/04/08,708.0,750.0,691.0,773.0,725.0,727.0,-0.0633,0.16695,-0.98393,-0.17832,0.15015,-0.97245,5.613,5.949
1030175010,2024/04/08,703.0,744.0,690.0,765.0,716.0,723.0,-0.06311,0.1641,-0.98442,-0.1805,0.1487,-0.97227,5.62,5.949
1030191663,2024/04/08,701.0,742.0,688.0,762.0,714.0,721.0,-0.06307,0.16303,-0.9846,-0.18053,0.14768,-0.97242,5.625,5.956
1030208318,2024/04/08,702.0,743.0,687.0,770.0,717.0,716.0,-0.06265,0.16527,-0.98426,-0.17898,0.14594,-0.97297,5.62,5.966
1030224973,2024/04/08,701.0,742.0,689.0,769.0,713.0,715.0,-0.06122,0.1648,-0.98443,-0.17938,0.14553,-0.97296,5.626,5.974
1030241627,2024/04/08,700.0,737.0,687.0,755.0,712.0,719.0,-0.06124,0.16049,-0.98514,-0.17873,0.14698,-0.97286,5.647,5.981
1030258282,2024/04/08,697.0,734.0,688.0,750.0,706.0,717.0,-0.06014,0.15889,-0.98546,-0.18002,0.14639,-0.97271,5.65,5.988
1030274937,2024/04/08,694.0,736.0,688.0,756.0,699.0,716.0,-0.0595,0.16075,-0.9852,-0.18124,0.14579,-0.97257,5.661,5.997
1030291591,2024/04/08,695.0,737.0,686.0,760.0,704.0,714.0,-0.05933,0.16161,-0.98507,-0.17916,0.14516,-0.97305,5.674,6.006
1030308246,2024/04/08,696.0,735.0,684.0,756.0,709.0,715.0,-0.0594,0.15977,-0.98537,-0.17718,0.14527,-0.9734,5.664,6.017
1030324900,2024/04/08,702.0,732.0,689.0,750.0,714.0,714.0,-0.0572,0.15798,-0.98578,-0.17499,0.14497,-0.97384,5.666,6.024
1030341555,2024/04/08,695.0,732.0,685.0,755.0,706.0,708.0,-0.05846,0.15936,-0.98549,-0.17729,0.14302,-0.97371,5.671,6.033
1030358209,2024/04/08,689.0,733.0,682.0,755.0,696.0,710.0,-0.0589,0.15924,-0.98548,-0.17994,0.14395,-0.97309,5.673,6.037
1030374864,2024/04/08,692.0,732.0,682.0,746.0,701.0,717.0,-0.05914,0.15616,-0.98596,-0.17836,0.1456,-0.97313,5.678,6.041
1030391519,2024/04/08,697.0,732.0,683.0,750.0,712.0,713.0,-0.05892,0.15711,-0.98582,-0.17507,0.14473,-0.97386,5.686,6.048
1030408173,2024/04/08,691.0,735.0,679.0,761.0,703.0,708.0,-0.06027,0.161,-0.98511,-0.17791,0.14333,-0.97355,5.679,6.052
1030424828,2024/04/08,666.0,735.0,646.0,760.0,686.0,709.0,-0.07079,0.16095,-0.98442,-0.18333,0.14402,-0.97245,5.687,6.06
1030441483,2024/04/08,650.0,736.0,634.0,747.0,667.0,724.0,-0.07531,0.15686,-0.98474,-0.18946,0.14844,-0.9706,5.703,6.071
1030458136,2024/04/08,648.0,743.0,637.0,753.0,660.0,733.0,-0.07476,0.1589,-0.98446,-0.192,0.1512,-0.96968,5.706,6.071
1030474791,2024/04/08,651.0,741.0,641.0,758.0,661.0,725.0,-0.07416,0.16033,-0.98427,-0.1921,0.14869,-0.97005,5.705,6.072
1030491446,2024/04/08,652.0,740.0,645.0,755.0,659.0,725.0,-0.07319,0.15937,-0.9845,-0.19324,0.1486,-0.96983,5.718,6.082
1030508100,2024/04/08,650.0,742.0,639.0,753.0,662.0,730.0,-0.076,0.15911,-0.98433,-0.19294,0.15044,-0.96961,5.726,6.104
1030524755,2024/04/08,656.0,740.0,643.0,754.0,668.0,725.0,-0.07524,0.15961,-0.98431,-0.1916,0.14912,-0.97008,5.742,6.117
1030541410,2024/04/08,658.0,737.0,647.0,760.0,669.0,713.0,-0.07467,0.16184,-0.98399,-0.19214,0.14557,-0.97051,5.761,6.129
1030558064,2024/04/08,656.0,737.0,646.0,755.0,666.0,718.0,-0.07561,0.16049,-0.98414,-0.19382,0.14708,-0.96995,5.779,6.137
1030574719,2024/04/08,656.0,734.0,648.0,747.0,664.0,721.0,-0.07577,0.15809,-0.98451,-0.19519,0.14782,-0.96956,5.804,6.157
1030591373,2024/04/08,655.0,736.0,641.0,750.0,668.0,722.0,-0.07835,0.15898,-0.98417,-0.19443,0.14814,-0.96967,5.828,6.172
1030608028,2024/04/08,652.0,733.0,638.0,745.0,666.0,720.0,-0.08025,0.15765,-0.98423,-0.19602,0.14746,-0.96945,5.843,6.188
1030624682,2024/04/08,654.0,729.0,643.0,739.0,665.0,718.0,-0.07903,0.15617,-0.98456,-0.19689,0.14688,-0.96936,5.871,6.202
1030641337,2024/04/08,656.0,727.0,641.0,735.0,671.0,720.0,-0.08061,0.15521,-0.98459,-0.19602,0.14754,-0.96944,5.898,6.218
1030657992,2024/04/08,660.0,726.0,640.0,733.0,680.0,718.0,-0.08148,0.15528,-0.9845,-0.19389,0.14743,-0.96988,5.917,6.231
1030674646,2024/04/08,661.0,730.0,646.0,741.0,676.0,720.0,-0.08075,0.15824,-0.98409,-0.19629,0.1484,-0.96925,5.919,6.243
1030691301,2024/04/08,660.0,729.0,646.0,740.0,673.0,719.0,-0.08155,0.15882,-0.98393,-0.19782,0.14874,-0.96889,5.94,6.249
1030707956,2024/04/08,657.0,724.0,646.0,739.0,669.0,710.0,-0.08243,0.15993,-0.98368,-0.20018,0.14694,-0.96868,5.96,6.263
1030724609,2024/04/08,658.0,726.0,646.0,739.0,670.0,714.0,-0.08309,0.16095,-0.98346,-0.20074,0.14909,-0.96823,5.976,6.26
1030741264,2024/04/08,615.0,727.0,600.0,742.0,631.0,711.0,-0.09761,0.16368,-0.98167,-0.21251,0.14938,-0.96567,5.999,6.265
1030757919,2024/04/08,512.0,733.0,486.0,753.0,538.0,713.0,-0.13333,0.16696,-0.97691,-0.23991,0.14971,-0.95918,6.028,6.293
1030774573,2024/04/08,457.0,744.0,432.0,748.0,482.0,740.0,-0.15095,0.16613,-0.97448,-0.2569,0.15806,-0.95342,6.029,6.308
1030791228,2024/04/08,463.0,743.0,439.0,741.0,487.0,744.0,-0.14962,0.16526,-0.97483,-0.25628,0.16032,-0.95321,6.028,6.3
1030807883,2024/04/08,466.0,748.0,444.0,757.0,487.0,739.0,-0.14811,0.17187,-0.97392,-0.25645,0.16023,-0.95318,6.046,6.309
1030824537,2024/04/08,464.0,749.0,444.0,761.0,484.0,738.0,-0.14833,0.17392,-0.97353,-0.25805,0.1607,-0.95267,6.066,6.322
1030841192,2024/04/08,467.0,748.0,449.0,756.0,486.0,739.0,-0.14695,0.17365,-0.97378,-0.25762,0.16242,-0.9525,6.083,6.337
1030857846,2024/04/08,468.0,741.0,453.0,749.0,482.0,732.0,-0.14571,0.17227,-0.97421,-0.25892,0.1608,-0.95242,6.105,6.351
1030874501,2024/04/08,463.0,733.0,449.0,744.0,477.0,723.0,-0.14716,0.17129,-0.97417,-0.26084,0.159,-0.9522,6.137,6.374
1030891155,2024/04/08,459.0,733.0,442.0,742.0,477.0,725.0,-0.14946,0.17149,-0.97378,-0.26117,0.16037,-0.95188,6.148,6.389
1030907810,2024/04/08,452.0,735.0,436.0,745.0,467.0,724.0,-0.15152,0.17279,-0.97324,-0.2649,0.16055,-0.95082,6.154,6.402
1030924465,2024/04/08,454.0,738.0,434.0,750.0,475.0,726.0,-0.1526,0.17466,-0.97273,-0.2629,0.16177,-0.95117,6.167,6.406
1030941119,2024/04/08,462.0,739.0,438.0,745.0,485.0,732.0,-0.15209,0.17303,-0.9731,-0.26104,0.16394,-0.9513,6.186,6.418
1030957774,2024/04/08,463.0,734.0,441.0,740.0,485.0,728.0,-0.15177,0.17196,-0.97334,-0.26201,0.16333,-0.95114,6.199,6.434
1030974429,2024/04/08,464.0,731.0,443.0,745.0,485.0,717.0,-0.1522,0.17404,-0.97291,-0.26328,0.16031,-0.95131,6.21,6.453
1030991082,2024/04/08,466.0,734.0,449.0,750.0,482.0,718.0,-0.15116,0.17643,-0.97264,-0.26508,0.16159,-0.95059,6.229,6.457
1031007737,2024/04/08,456.0,734.0,438.0,751.0,475.0,718.0,-0.15589,0.17717,-0.97176,-0.26894,0.1619,-0.94945,6.227,6.458
1031024392,2024/04/08,449.0,734.0,423.0,752.0,475.0,716.0,-0.16211,0.17746,-0.97068,-0.27013,0.16163,-0.94916,6.224,6.466
1031041046,2024/04/08,444.0,746.0,419.0,756.0,469.0,737.0,-0.16442,0.17866,-0.97008,-0.27303,0.168,-0.94722,6.213,6.452
1031057701,2024/04/08,437.0,752.0,421.0,758.0,453.0,746.0,-0.16469,0.17959,-0.96986,-0.27849,0.17077,-0.94513,6.208,6.441
1031074356,2024/04/08,434.0,751.0,417.0,763.0,450.0,739.0,-0.16726,0.18132,-0.9691,-0.28072,0.16876,-0.94484,6.199,6.439
1031091010,2024/04/08,431.0,751.0,416.0,763.0,446.0,738.0,-0.16871,0.1818,-0.96875,-0.28318,0.16892,-0.94407,6.202,6.443
1031107665,2024/04/08,432.0,758.0,420.0,771.0,443.0,745.0,-0.16907,0.18363,-0.96835,-0.28542,0.17061,-0.9431,6.15,6.448
1031124319,2024/04/08,448.0,745.0,nan,nan,448.0,745.0,nan,nan,nan,-0.28561,0.17131,-0.94291,nan,6.449
1031140974,2024/04/08,436.0,745.0,419.0,750.0,453.0,740.0,-0.17348,0.17819,-0.96858,-0.28557,0.17025,-0.94311,6.274,6.449
1031157628,2024/04/08,433.0,750.0,419.0,761.0,446.0,739.0,-0.17258,0.18196,-0.96804,-0.28722,0.17018,-0.94263,6.204,6.447
1031174283,2024/04/08,432.0,753.0,420.0,765.0,445.0,742.0,-0.17311,0.18336,-0.96768,-0.28861,0.17115,-0.94203,6.2,6.445
1031190938,2024/04/08,433.0,756.0,422.0,770.0,443.0,742.0,-0.17306,0.18515,-0.96735,-0.29014,0.17109,-0.94157,6.197,6.446
1031207592,2024/04/08,432.0,757.0,422.0,767.0,442.0,748.0,-0.17379,0.18443,-0.96736,-0.2912,0.17281,-0.94093,6.194,6.443
1031224247,2024/04/08,434.0,756.0,419.0,763.0,448.0,750.0,-0.17544,0.18333,-0.96727,-0.29049,0.17361,-0.94099,6.196,6.442
1031240902,2024/04/08,431.0,755.0,420.0,766.0,442.0,743.0,-0.17584,0.18482,-0.96691,-0.29323,0.17181,-0.94048,6.193,6.432
1031257555,2024/04/08,430.0,756.0,418.0,771.0,443.0,741.0,-0.17722,0.18651,-0.96634,-0.29381,0.17142,-0.94037,6.189,6.426
1031274210,2024/04/08,436.0,758.0,420.0,773.0,451.0,744.0,-0.17712,0.18721,-0.96622,-0.29214,0.17277,-0.94064,6.186,6.422
1031290865,2024/04/08,436.0,754.0,424.0,767.0,447.0,742.0,-0.17666,0.18547,-0.96664,-0.29369,0.17188,-0.94032,6.171,6.415
1031307519,2024/04/08,434.0,750.0,423.0,761.0,445.0,738.0,-0.17758,0.18372,-0.9668,-0.29501,0.17075,-0.94011,6.169,6.407
1031324174,2024/04/08,434.0,751.0,423.0,762.0,446.0,739.0,-0.17814,0.18416,-0.96662,-0.29537,0.17134,-0.93989,6.17,6.398
1031340829,2024/04/08,434.0,747.0,420.0,758.0,448.0,737.0,-0.17972,0.18325,-0.9665,-0.29529,0.17097,-0.93999,6.16,6.388
1031357483,2024/04/08,433.0,745.0,412.0,756.0,454.0,734.0,-0.18261,0.18302,-0.966,-0.29412,0.17063,-0.94041,6.147,6.382
1031374138,2024/04/08,438.0,751.0,419.0,761.0,457.0,742.0,-0.18076,0.18475,-0.96602,-0.29337,0.17327,-0.94016,6.15,6.362
1031390792,2024/04/08,441.0,752.0,429.0,759.0,452.0,746.0,-0.17785,0.18414,-0.96668,-0.29512,0.17418,-0.93945,6.146,6.355
1031407447,2024/04/08,441.0,754.0,428.0,761.0,453.0,746.0,-0.17843,0.18485,-0.96643,-0.29516,0.17437,-0.9394,6.135,6.363
1031424101,2024/04/08,458.0,719.0,437.0,734.0,480.0,704.0,-0.17639,0.17689,-0.96829,-0.28843,0.16214,-0.94367,6.136,6.358
1031440756,2024/04/08,481.0,655.0,451.0,678.0,512.0,632.0,-0.17262,0.16044,-0.97183,-0.27999,0.14136,-0.94954,6.124,6.342
1031457411,2024/04/08,481.0,634.0,458.0,647.0,504.0,621.0,-0.17076,0.15096,-0.97368,-0.28277,0.13794,-0.94922,6.115,6.339
1031474065,2024/04/08,480.0,641.0,469.0,646.0,491.0,635.0,-0.16736,0.15091,-0.97428,-0.28656,0.14251,-0.9474,6.12,6.336
1031490720,2024/04/08,482.0,635.0,472.0,635.0,492.0,636.0,-0.16661,0.14749,-0.97493,-0.28622,0.14296,-0.94744,6.122,6.33
1031507375,2024/04/08,479.0,633.0,465.0,635.0,494.0,630.0,-0.1691,0.14753,-0.9745,-0.28605,0.14135,-0.94773,6.123,6.338
1031524028,2024/04/08,484.0,638.0,468.0,650.0,500.0,626.0,-0.16816,0.15197,-0.97398,-0.28457,0.14013,-0.94836,6.138,6.338
1031540683,2024/04/08,487.0,642.0,469.0,647.0,506.0,636.0,-0.16818,0.15074,-0.97416,-0.28291,0.14314,-0.94841,6.14,6.325
1031557338,2024/04/08,483.0,644.0,464.0,646.0,502.0,641.0,-0.17019,0.15014,-0.9739,-0.28405,0.14448,-0.94786,6.12,6.319
1031573992,2024/04/08,486.0,646.0,464.0,659.0,509.0,634.0,-0.17001,0.15431,-0.97329,-0.28237,0.14217,-0.94871,6.116,6.315
1031590647,2024/04/08,485.0,645.0,461.0,653.0,509.0,638.0,-0.17118,0.1524,-0.97338,-0.28235,0.14348,-0.94852,6.116,6.316
1031607302,2024/04/08,482.0,646.0,461.0,649.0,503.0,642.0,-0.17096,0.15141,-0.97357,-0.28382,0.14518,-0.94782,6.121,6.331
1031623956,2024/04/08,484.0,641.0,462.0,645.0,506.0,637.0,-0.17065,0.15022,-0.97381,-0.28287,0.14347,-0.94837,6.125,6.337
1031640611,2024/04/08,483.0,638.0,461.0,639.0,504.0,638.0,-0.17068,0.1481,-0.97413,-0.28322,0.14394,-0.94819,6.126,6.335
1031657265,2024/04/08,485.0,643.0,463.0,649.0,507.0,638.0,-0.16975,0.15112,-0.97383,-0.28227,0.14346,-0.94855,6.146,6.333
1031673920,2024/04/08,487.0,644.0,470.0,651.0,504.0,638.0,-0.16705,0.15158,-0.97423,-0.28269,0.14361,-0.9484,6.151,6.332
1031690574,2024/04/08,486.0,644.0,473.0,646.0,499.0,641.0,-0.16588,0.15007,-0.97466,-0.28382,0.14436,-0.94795,6.145,6.332
1031707229,2024/04/08,484.0,650.0,468.0,653.0,501.0,646.0,-0.1669,0.15246,-0.97412,-0.28283,0.14644,-0.94793,6.136,6.332
1031723884,2024/04/08,485.0,651.0,464.0,654.0,506.0,649.0,-0.16759,0.15271,-0.97396,-0.28084,0.14741,-0.94837,6.135,6.333
1031740538,2024/04/08,484.0,650.0,457.0,654.0,510.0,646.0,-0.17032,0.15201,-0.97359,-0.27975,0.14606,-0.9489,6.077,6.342
1031757193,2024/04/08,479.0,640.0,451.0,634.0,507.0,646.0,-0.17135,0.14459,-0.97454,-0.27956,0.14583,-0.94899,6.036,6.323
1031773848,2024/04/08,504.0,642.0,478.0,642.0,529.0,642.0,-0.16332,0.14684,-0.97558,-0.27338,0.1442,-0.95103,6.113,6.311
1031790502,2024/04/08,569.0,676.0,549.0,687.0,588.0,664.0,-0.13881,0.16204,-0.97697,-0.25444,0.15226,-0.95503,6.12,6.315
1031807156,2024/04/08,603.0,698.0,586.0,707.0,619.0,689.0,-0.12648,0.16866,-0.97753,-0.24434,0.16063,-0.95629,6.113,6.312
1031823811,2024/04/08,598.0,700.0,584.0,707.0,613.0,693.0,-0.12682,0.16869,-0.97748,-0.24587,0.16183,-0.9557,6.119,6.325
1031840465,2024/04/08,601.0,705.0,586.0,715.0,615.0,694.0,-0.12557,0.17117,-0.97721,-0.2452,0.16216,-0.95581,6.113,6.329
1031857120,2024/04/08,610.0,706.0,595.0,717.0,626.0,694.0,-0.12261,0.17133,-0.97755,-0.24177,0.16188,-0.95674,6.098,6.321
1031873775,2024/04/08,614.0,707.0,594.0,718.0,634.0,696.0,-0.12282,0.17119,-0.97755,-0.23909,0.16213,-0.95737,6.091,6.308
1031890429,2024/04/08,613.0,707.0,593.0,719.0,632.0,696.0,-0.12298,0.17131,-0.97751,-0.23944,0.16176,-0.95734,6.091,6.302
1031907084,2024/04/08,611.0,709.0,594.0,721.0,627.0,698.0,-0.12258,0.17187,-0.97746,-0.24097,0.16227,-0.95687,6.081,6.293
1031923739,2024/04/08,604.0,712.0,586.0,727.0,623.0,696.0,-0.12514,0.17395,-0.97677,-0.24239,0.16176,-0.9566,6.071,6.288
1031940393,2024/04/08,609.0,711.0,591.0,721.0,627.0,701.0,-0.12304,0.1721,-0.97737,-0.24059,0.16359,-0.95674,6.062,6.267
1031957047,2024/04/08,610.0,714.0,594.0,720.0,627.0,708.0,-0.122,0.17198,-0.97752,-0.24055,0.16583,-0.95636,6.056,6.263
1031973702,2024/04/08,579.0,691.0,558.0,702.0,599.0,680.0,-0.13312,0.16619,-0.97707,-0.2486,0.15724,-0.95576,6.051,6.275
1031990357,2024/04/08,546.0,654.0,520.0,663.0,571.0,645.0,-0.14512,0.15371,-0.9774,-0.25712,0.14603,-0.95528,6.054,6.282
1032007011,2024/04/08,537.0,647.0,513.0,657.0,561.0,638.0,-0.14744,0.1513,-0.97743,-0.26021,0.14332,-0.95486,6.057,6.283
1032023666,2024/04/08,529.0,653.0,508.0,660.0,549.0,646.0,-0.14908,0.15208,-0.97706,-0.26363,0.14537,-0.95361,6.044,6.276
1032040321,2024/04/08,535.0,655.0,517.0,660.0,554.0,650.0,-0.14587,0.15188,-0.97758,-0.26191,0.14665,-0.95388,6.028,6.263
1032056975,2024/04/08,539.0,652.0,523.0,658.0,556.0,645.0,-0.14361,0.15144,-0.97798,-0.26099,0.14515,-0.95437,6.026,6.262
1032073629,2024/04/08,536.0,653.0,523.0,661.0,549.0,645.0,-0.1431,0.15265,-0.97786,-0.26269,0.1452,-0.95389,6.03,6.263
1032090284,2024/04/08,531.0,656.0,517.0,669.0,545.0,643.0,-0.14481,0.15524,-0.9772,-0.26379,0.14507,-0.95361,6.023,6.265
1032106938,2024/04/08,533.0,660.0,519.0,670.0,546.0,651.0,-0.14407,0.15565,-0.97725,-0.26305,0.14772,-0.95341,6.012,6.261
1032123593,2024/04/08,532.0,655.0,520.0,658.0,544.0,651.0,-0.14346,0.15193,-0.97793,-0.26362,0.14753,-0.95328,5.999,6.262
1032140248,2024/04/08,525.0,650.0,508.0,657.0,543.0,643.0,-0.14725,0.15086,-0.97753,-0.26399,0.14451,-0.95364,6.003,6.266
1032156902,2024/04/08,528.0,657.0,508.0,667.0,549.0,646.0,-0.14722,0.15408,-0.97703,-0.26203,0.14535,-0.95405,6.005,6.262
1032173557,2024/04/08,532.0,658.0,515.0,667.0,549.0,649.0,-0.1452,0.15374,-0.97738,-0.2621,0.14607,-0.95392,5.996,6.254
1032190212,2024/04/08,532.0,657.0,516.0,664.0,549.0,649.0,-0.14483,0.15287,-0.97758,-0.26204,0.14585,-0.95397,5.991,6.252
1032206866,2024/04/08,534.0,657.0,517.0,665.0,551.0,650.0,-0.14467,0.15297,-0.97758,-0.26125,0.14617,-0.95414,5.991,6.247
1032223520,2024/04/08,533.0,657.0,519.0,663.0,548.0,652.0,-0.14413,0.15207,-0.9778,-0.26225,0.14629,-0.95385,5.964,6.242
1032240175,2024/04/08,534.0,657.0,519.0,662.0,548.0,652.0,-0.14398,0.15126,-0.97795,-0.26234,0.14577,-0.9539,5.958,6.24
1032256830,2024/04/08,537.0,654.0,521.0,658.0,553.0,650.0,-0.14371,0.14972,-0.97823,-0.26085,0.14501,-0.95443,5.971,6.238
1032273484,2024/04/08,538.0,655.0,524.0,657.0,552.0,653.0,-0.14261,0.14911,-0.97848,-0.26069,0.14551,-0.95439,5.969,6.233
1032290139,2024/04/08,515.0,674.0,504.0,680.0,526.0,669.0,-0.14886,0.15522,-0.9766,-0.26829,0.14922,-0.95171,5.978,6.229
1032306794,2024/04/08,475.0,720.0,461.0,726.0,490.0,713.0,-0.16218,0.16906,-0.97217,-0.27833,0.16167,-0.94678,5.971,6.219
1032323448,2024/04/08,463.0,744.0,443.0,754.0,484.0,734.0,-0.16742,0.17763,-0.96975,-0.27943,0.16804,-0.94535,5.949,6.2
1032340102,2024/04/08,471.0,734.0,457.0,739.0,484.0,729.0,-0.16272,0.17265,-0.97145,-0.2792,0.16608,-0.94576,5.956,6.202
1032356757,2024/04/08,475.0,735.0,467.0,737.0,484.0,734.0,-0.15966,0.17127,-0.9722,-0.27867,0.16698,-0.94576,5.966,6.206
1032373411,2024/04/08,473.0,736.0,464.0,737.0,483.0,735.0,-0.1603,0.17037,-0.97225,-0.27873,0.16629,-0.94586,5.967,6.207
1032390066,2024/04/08,468.0,737.0,458.0,738.0,477.0,735.0,-0.1618,0.17002,-0.97207,-0.28015,0.16522,-0.94563,5.969,6.204
1032406721,2024/04/08,468.0,737.0,456.0,741.0,480.0,733.0,-0.16224,0.17038,-0.97193,-0.27897,0.16443,-0.94612,5.975,6.211
1032423375,2024/04/08,466.0,733.0,453.0,737.0,479.0,729.0,-0.16269,0.16898,-0.9721,-0.27895,0.163,-0.94637,5.987,6.212
1032440030,2024/04/08,468.0,730.0,456.0,737.0,481.0,724.0,-0.16109,0.16935,-0.9723,-0.27775,0.16164,-0.94696,5.988,6.212
1032456685,2024/04/08,468.0,732.0,457.0,738.0,479.0,726.0,-0.16027,0.16974,-0.97237,-0.27779,0.1623,-0.94683,5.981,6.216
1032473339,2024/04/08,462.0,732.0,446.0,737.0,479.0,726.0,-0.16306,0.16877,-0.97207,-0.27708,0.162,-0.94709,5.989,6.226
1032489993,2024/04/08,463.0,730.0,440.0,736.0,485.0,725.0,-0.16438,0.16776,-0.97203,-0.27458,0.16117,-0.94796,6.007,6.233
1032506648,2024/04/08,459.0,733.0,438.0,739.0,479.0,727.0,-0.16432,0.16828,-0.97195,-0.27585,0.16118,-0.94759,6.014,6.237
1032523303,2024/04/08,470.0,735.0,450.0,741.0,489.0,729.0,-0.15987,0.16917,-0.97253,-0.27241,0.16221,-0.94841,6.01,6.237
1032539957,2024/04/08,492.0,739.0,477.0,745.0,508.0,734.0,-0.1511,0.171,-0.97362,-0.26657,0.16439,-0.94969,6.015,6.24
1032556612,2024/04/08,505.0,742.0,490.0,749.0,519.0,734.0,-0.14657,0.1725,-0.97404,-0.26298,0.16482,-0.95062,6.01,6.244
1032573267,2024/04/08,510.0,738.0,499.0,747.0,521.0,729.0,-0.14341,0.17173,-0.97465,-0.26221,0.16305,-0.95113,6.003,6.24
1032589921,2024/04/08,512.0,741.0,501.0,748.0,524.0,734.0,-0.14259,0.17196,-0.97473,-0.26099,0.16459,-0.95121,6.009,6.237
1032606575,2024/04/08,507.0,741.0,494.0,751.0,520.0,731.0,-0.14465,0.17246,-0.97434,-0.26221,0.16329,-0.95109,6.007,6.241
1032623230,2024/04/08,504.0,737.0,493.0,746.0,515.0,727.0,-0.14479,0.1712,-0.97454,-0.26357,0.16231,-0.95089,6.008,6.245
1032639884,2024/04/08,509.0,741.0,498.0,747.0,520.0,735.0,-0.14311,0.17196,-0.97465,-0.26184,0.1653,-0.95085,6.004,6.243
1032656539,2024/04/08,511.0,743.0,497.0,748.0,525.0,738.0,-0.14315,0.17297,-0.97447,-0.26016,0.16693,-0.95103,6.004,6.244
1032673194,2024/04/08,501.0,743.0,484.0,759.0,518.0,727.0,-0.148,0.17702,-0.97302,-0.26319,0.16391,-0.95072,5.949,6.256
1032689848,2024/04/08,506.0,737.0,499.0,755.0,513.0,719.0,-0.14249,0.17601,-0.97402,-0.26406,0.16151,-0.95089,5.952,6.258
1032706503,2024/04/08,511.0,736.0,502.0,743.0,520.0,729.0,-0.14264,0.17292,-0.97455,-0.26275,0.16531,-0.9506,6.006,6.246
1032723158,2024/04/08,513.0,737.0,498.0,744.0,528.0,730.0,-0.14343,0.17345,-0.97434,-0.26002,0.16604,-0.95122,6.009,6.247
1032739812,2024/04/08,513.0,733.0,498.0,742.0,528.0,723.0,-0.14381,0.17322,-0.97433,-0.26075,0.16419,-0.95134,6.015,6.257
1032756466,2024/04/08,507.0,744.0,492.0,754.0,523.0,735.0,-0.14609,0.17726,-0.97326,-0.26246,0.16825,-0.95016,6.012,6.256
1032773121,2024/04/08,502.0,800.0,484.0,803.0,521.0,797.0,-0.1488,0.193,-0.96985,-0.2626,0.18755,-0.9465,6.019,6.247
1032789776,2024/04/08,496.0,839.0,480.0,839.0,511.0,840.0,-0.14983,0.20472,-0.96729,-0.26508,0.20117,-0.94301,6.021,6.249
1032806430,2024/04/08,489.0,840.0,473.0,847.0,504.0,833.0,-0.15355,0.20677,-0.96626,-0.26847,0.19916,-0.94247,5.958,6.252
1032823085,2024/04/08,492.0,846.0,473.0,863.0,512.0,830.0,-0.15335,0.21238,-0.96508,-0.26616,0.19922,-0.94312,5.98,6.258
1032839740,2024/04/08,496.0,836.0,479.0,843.0,512.0,829.0,-0.15315,0.20649,-0.96639,-0.26757,0.19937,-0.94269,6.038,6.264
1032856394,2024/04/08,490.0,833.0,478.0,836.0,503.0,829.0,-0.15349,0.20568,-0.96651,-0.27043,0.20042,-0.94165,6.029,6.255
1032873048,2024/04/08,492.0,835.0,483.0,840.0,502.0,830.0,-0.15264,0.20737,-0.96628,-0.27158,0.20053,-0.94129,6.029,6.253
1032889703,2024/04/08,494.0,835.0,488.0,839.0,499.0,830.0,-0.15142,0.2071,-0.96653,-0.27325,0.20015,-0.94089,6.029,6.267
1032906357,2024/04/08,497.0,828.0,491.0,836.0,502.0,820.0,-0.15109,0.20656,-0.9667,-0.27321,0.19752,-0.94146,6.033,6.267
1032923012,2024/04/08,508.0,829.0,501.0,838.0,514.0,820.0,-0.14865,0.20808,-0.96675,-0.27027,0.19828,-0.94215,6.043,6.267
1032939667,2024/04/08,512.0,829.0,501.0,836.0,522.0,821.0,-0.14908,0.20834,-0.96663,-0.26847,0.19951,-0.9424,6.05,6.268
1032956321,2024/04/08,509.0,825.0,499.0,831.0,518.0,818.0,-0.15043,0.20723,-0.96666,-0.27041,0.19843,-0.94207,6.05,6.271
1032972976,2024/04/08,509.0,826.0,503.0,828.0,515.0,824.0,-0.14925,0.20685,-0.96692,-0.27131,0.20065,-0.94134,6.034,6.27
1032989631,2024/04/08,510.0,825.0,504.0,827.0,516.0,824.0,-0.14925,0.20636,-0.96703,-0.27147,0.20067,-0.9413,6.027,6.271
1033006285,2024/04/08,510.0,823.0,507.0,825.0,512.0,822.0,-0.14835,0.20604,-0.96723,-0.27275,0.19997,-0.94107,6.033,6.273
1033022939,2024/04/08,514.0,827.0,508.0,832.0,520.0,822.0,-0.14827,0.20803,-0.96682,-0.27065,0.20035,-0.9416,6.033,6.274
1033039594,2024/04/08,521.0,833.0,500.0,831.0,543.0,836.0,-0.15089,0.20757,-0.96651,-0.26371,0.20442,-0.94269,6.029,6.21
1033056249,2024/04/08,523.0,826.0,504.0,824.0,541.0,828.0,-0.14942,0.20531,-0.96722,-0.26408,0.20191,-0.94313,6.03,6.213
1033072903,2024/04/08,519.0,820.0,511.0,827.0,527.0,813.0,-0.14854,0.20658,-0.96709,-0.26983,0.19685,-0.94257,6.033,6.285
1033089558,2024/04/08,518.0,822.0,509.0,830.0,527.0,813.0,-0.14896,0.20803,-0.96671,-0.27009,0.1974,-0.94238,6.027,6.282
1033106213,2024/04/08,522.0,827.0,504.0,825.0,539.0,828.0,-0.15087,0.20603,-0.96685,-0.26594,0.20207,-0.94257,6.009,6.207
1033122867,2024/04/08,517.0,834.0,503.0,829.0,531.0,840.0,-0.15118,0.20731,-0.96652,-0.26773,0.20506,-0.94142,5.998,6.207
1033139521,2024/04/08,512.0,832.0,507.0,836.0,517.0,827.0,-0.15154,0.20947,-0.966,-0.27382,0.20075,-0.9406,5.998,6.267
1033156176,2024/04/08,542.0,830.0,532.0,834.0,552.0,827.0,-0.14388,0.20939,-0.96719,-0.26407,0.20169,-0.94318,5.985,6.263
1033172830,2024/04/08,646.0,838.0,691.0,837.0,601.0,840.0,-0.09414,0.2113,-0.97288,-0.25103,0.20584,-0.94584,5.949,6.2
1033189485,2024/04/08,1082.0,908.0,980.0,876.0,1184.0,939.0,-0.00101,0.22382,-0.97463,-0.06684,0.24237,-0.96788,5.95,6.162
1033206140,2024/04/08,1147.0,918.0,1117.0,913.0,1176.0,923.0,0.04353,0.2365,-0.97066,-0.07087,0.23824,-0.96862,5.952,6.214
1033222794,2024/04/08,1146.0,910.0,1125.0,903.0,1166.0,917.0,0.04669,0.23305,-0.97134,-0.0738,0.23595,-0.96896,5.959,6.26
1033239449,2024/04/08,1141.0,904.0,1122.0,903.0,1161.0,905.0,0.0454,0.23302,-0.97141,-0.0755,0.23195,-0.96979,6.001,6.303
1033256104,2024/04/08,1143.0,908.0,1127.0,913.0,1160.0,903.0,0.04723,0.23537,-0.97076,-0.07587,0.23071,-0.97006,6.007,6.295
1033272758,2024/04/08,1143.0,911.0,1128.0,911.0,1158.0,911.0,0.04763,0.23438,-0.97098,-0.07641,0.23252,-0.96958,6.003,6.285
1033289412,2024/04/08,1147.0,921.0,1131.0,925.0,1163.0,917.0,0.04901,0.23815,-0.96999,-0.07434,0.23399,-0.96939,6.013,6.281
1033306067,2024/04/08,1146.0,918.0,1129.0,923.0,1163.0,913.0,0.04831,0.23736,-0.97022,-0.07426,0.23265,-0.96972,6.01,6.279
1033322722,2024/04/08,1145.0,914.0,1128.0,917.0,1161.0,911.0,0.04842,0.23519,-0.97074,-0.07474,0.23175,-0.9699,5.999,6.272
1033339376,2024/04/08,1149.0,915.0,1134.0,917.0,1164.0,912.0,0.05049,0.23523,-0.97063,-0.07346,0.23208,-0.96992,5.988,6.269
1033356031,2024/04/08,1151.0,913.0,1138.0,913.0,1164.0,913.0,0.05225,0.2338,-0.97088,-0.07343,0.232,-0.96994,5.973,6.262
1033372686,2024/04/08,1147.0,913.0,1133.0,912.0,1162.0,915.0,0.05054,0.23311,-0.97114,-0.07376,0.23228,-0.96985,5.969,6.25
1033389340,2024/04/08,1143.0,907.0,1131.0,916.0,1156.0,898.0,0.0503,0.23405,-0.97092,-0.07525,0.22678,-0.97103,5.977,6.296
1033405994,2024/04/08,1150.0,918.0,1150.0,918.0,nan,nan,0.0571,0.23431,-0.97048,nan,nan,nan,5.975,nan
1033422649,2024/04/08,1223.0,940.0,1193.0,930.0,1253.0,950.0,0.07083,0.23787,-0.96871,-0.04201,0.24347,-0.969,5.967,6.174
1033439303,2024/04/08,1237.0,935.0,1226.0,940.0,1248.0,929.0,0.08026,0.24059,-0.9673,-0.04492,0.23654,-0.97058,5.982,6.224
1033455958,2024/04/08,1234.0,931.0,1221.0,934.0,1247.0,928.0,0.07903,0.23874,-0.96786,-0.04526,0.2363,-0.97062,5.999,6.23
1033472613,2024/04/08,1233.0,933.0,1217.0,937.0,1249.0,929.0,0.07761,0.23963,-0.96776,-0.04471,0.23637,-0.97063,6.004,6.236
1033489267,2024/04/08,1235.0,933.0,1219.0,939.0,1250.0,927.0,0.0783,0.24034,-0.96753,-0.04461,0.2358,-0.97078,6.021,6.237
1033505922,2024/04/08,1236.0,931.0,1219.0,934.0,1252.0,929.0,0.07816,0.23821,-0.96806,-0.04408,0.236,-0.97075,6.031,6.237
1033522577,2024/04/08,1242.0,931.0,1228.0,935.0,1257.0,927.0,0.0808,0.23827,-0.96783,-0.04277,0.23517,-0.97101,6.04,6.24
1033539231,2024/04/08,1237.0,931.0,1227.0,939.0,1247.0,923.0,0.08011,0.23943,-0.9676,-0.0462,0.2338,-0.97119,6.043,6.243
1033555885,2024/04/08,1235.0,932.0,1224.0,938.0,1245.0,926.0,0.0791,0.23944,-0.96768,-0.04697,0.23461,-0.97095,6.045,6.237
1033572540,2024/04/08,1243.0,929.0,1231.0,931.0,1256.0,926.0,0.08124,0.23728,-0.96804,-0.04372,0.23474,-0.97108,6.05,6.232
1033589195,2024/04/08,1242.0,930.0,1228.0,936.0,1256.0,924.0,0.08012,0.23898,-0.96771,-0.04347,0.23408,-0.97125,6.052,6.224
1033605849,2024/04/08,1237.0,932.0,1224.0,939.0,1250.0,924.0,0.07878,0.24025,-0.96751,-0.0456,0.23426,-0.9711,6.056,6.221
1033622504,2024/04/08,1232.0,931.0,1216.0,934.0,1247.0,929.0,0.07646,0.23836,-0.96816,-0.04629,0.23582,-0.97069,6.056,6.225
1033639159,2024/04/08,1237.0,935.0,1223.0,937.0,1251.0,932.0,0.07881,0.23941,-0.96771,-0.04502,0.23662,-0.97056,6.066,6.229
1033655813,2024/04/08,1240.0,935.0,1224.0,938.0,1256.0,932.0,0.07932,0.2396,-0.96763,-0.04314,0.23655,-0.97066,6.072,6.23
1033672467,2024/04/08,1234.0,933.0,1220.0,934.0,1249.0,932.0,0.07826,0.23828,-0.96804,-0.04526,0.23659,-0.97055,6.08,6.247
1033689122,2024/04/08,1234.0,933.0,1219.0,935.0,1250.0,931.0,0.07786,0.23868,-0.96797,-0.04489,0.23645,-0.97061,6.09,6.254
1033705776,2024/04/08,1234.0,932.0,1217.0,933.0,1251.0,931.0,0.07762,0.23811,-0.96813,-0.04428,0.2365,-0.97062,6.108,6.255
1033722431,2024/04/08,1232.0,937.0,1211.0,939.0,1252.0,935.0,0.07536,0.24004,-0.96783,-0.04384,0.23786,-0.97031,6.116,6.257
1033739086,2024/04/08,1234.0,941.0,1210.0,943.0,1258.0,940.0,0.07509,0.24136,-0.96753,-0.04182,0.23964,-0.96996,6.124,6.257
1033755740,2024/04/08,1237.0,943.0,1212.0,946.0,1263.0,939.0,0.0758,0.24241,-0.96721,-0.0405,0.23941,-0.97007,6.129,6.26
1033772395,2024/04/08,1230.0,940.0,1203.0,945.0,1256.0,935.0,0.07286,0.24226,-0.96747,-0.04252,0.23817,-0.97029,6.121,6.27
1033789050,2024/04/08,1229.0,939.0,1206.0,942.0,1253.0,936.0,0.07402,0.24148,-0.96758,-0.0436,0.23847,-0.97017,6.125,6.273
1033805705,2024/04/08,1234.0,940.0,1209.0,938.0,1259.0,943.0,0.07532,0.24036,-0.96776,-0.04136,0.24093,-0.96966,6.144,6.269
1033822358,2024/04/08,1228.0,930.0,1208.0,933.0,1249.0,927.0,0.07507,0.23899,-0.96811,-0.04452,0.23615,-0.9707,6.145,6.34
1033839013,2024/04/08,1523.0,996.0,1217.0,934.0,1830.0,1057.0,0.07978,0.23928,-0.96767,0.14749,0.27351,-0.95049,6.153,6.495
1033855668,2024/04/08,1372.0,973.0,1208.0,937.0,1536.0,1010.0,0.07638,0.24017,-0.96772,0.05241,0.26183,-0.96369,6.137,6.324
1033872322,2024/04/08,1214.0,935.0,1193.0,931.0,1235.0,940.0,0.0712,0.23851,-0.96853,-0.04757,0.24076,-0.96942,6.125,6.252
1033888977,2024/04/08,1150.0,898.0,1085.0,881.0,1214.0,914.0,0.03685,0.22326,-0.97406,-0.05409,0.23232,-0.97114,6.141,6.351
1033905632,2024/04/08,865.0,806.0,865.0,806.0,nan,nan,-0.03412,0.20028,-0.97914,nan,nan,nan,6.141,nan
1033922286,2024/04/08,643.0,732.0,638.0,755.0,648.0,710.0,-0.10978,0.18254,-0.97705,-0.23612,0.16336,-0.95789,6.12,6.164
1033938941,2024/04/08,605.0,729.0,580.0,750.0,629.0,708.0,-0.12881,0.18017,-0.97516,-0.24212,0.16222,-0.95659,6.114,6.265
1033955595,2024/04/08,604.0,736.0,588.0,746.0,620.0,726.0,-0.12575,0.17938,-0.97571,-0.24432,0.16859,-0.95493,6.089,6.245
1033972249,2024/04/08,600.0,728.0,583.0,735.0,617.0,721.0,-0.12704,0.17626,-0.97611,-0.24474,0.16725,-0.95505,6.082,6.24
1033988904,2024/04/08,592.0,725.0,573.0,737.0,612.0,714.0,-0.12973,0.17685,-0.97565,-0.2459,0.1656,-0.95504,6.095,6.253
1034005559,2024/04/08,591.0,728.0,571.0,742.0,610.0,715.0,-0.12962,0.17887,-0.9753,-0.24576,0.16644,-0.95493,6.106,6.263
1034022213,2024/04/08,598.0,726.0,580.0,736.0,616.0,716.0,-0.12629,0.17731,-0.97602,-0.24336,0.16686,-0.95548,6.109,6.269
1034038868,2024/04/08,586.0,734.0,560.0,750.0,613.0,718.0,-0.1324,0.18118,-0.9745,-0.24427,0.1672,-0.95518,6.017,6.283
1034055523,2024/04/08,582.0,734.0,556.0,748.0,608.0,720.0,-0.13491,0.18031,-0.97431,-0.24609,0.16815,-0.95455,6.034,6.285
1034072178,2024/04/08,596.0,733.0,578.0,737.0,613.0,729.0,-0.12599,0.17679,-0.97615,-0.24293,0.1713,-0.9548,6.13,6.283
1034088831,2024/04/08,598.0,732.0,581.0,737.0,614.0,727.0,-0.12436,0.17765,-0.9762,-0.24204,0.1711,-0.95506,6.133,6.282
1034105486,2024/04/08,592.0,735.0,574.0,740.0,610.0,729.0,-0.12629,0.17863,-0.97578,-0.24322,0.17196,-0.95461,6.137,6.285
1034122141,2024/04/08,584.0,741.0,564.0,746.0,605.0,735.0,-0.12927,0.18077,-0.97499,-0.24463,0.17386,-0.9539,6.143,6.29
1034138795,2024/04/08,585.0,734.0,566.0,738.0,604.0,730.0,-0.12844,0.17797,-0.97562,-0.24469,0.17219,-0.95419,6.152,6.301
1034155450,2024/04/08,588.0,732.0,569.0,738.0,607.0,726.0,-0.12728,0.17824,-0.97572,-0.24354,0.17116,-0.95467,6.157,6.309
1034172105,2024/04/08,588.0,736.0,567.0,747.0,609.0,725.0,-0.12751,0.18128,-0.97513,-0.24277,0.17086,-0.95492,6.155,6.323
1034188759,2024/04/08,592.0,733.0,570.0,738.0,614.0,728.0,-0.12662,0.17856,-0.97575,-0.24111,0.17197,-0.95514,6.163,6.327
1034205414,2024/04/08,593.0,728.0,571.0,737.0,615.0,719.0,-0.12581,0.17858,-0.97585,-0.24079,0.1694,-0.95568,6.172,6.329
1034222068,2024/04/08,593.0,728.0,571.0,740.0,615.0,716.0,-0.12571,0.17959,-0.97568,-0.24065,0.16858,-0.95586,6.173,6.331
1034238722,2024/04/08,586.0,729.0,568.0,740.0,605.0,718.0,-0.12659,0.17957,-0.97557,-0.24352,0.16894,-0.95507,6.179,6.326
1034255377,2024/04/08,583.0,729.0,564.0,738.0,603.0,721.0,-0.1279,0.1787,-0.97555,-0.24393,0.16966,-0.95484,6.175,6.325
1034272032,2024/04/08,586.0,733.0,564.0,737.0,608.0,730.0,-0.12744,0.17808,-0.97573,-0.24186,0.17259,-0.95484,6.155,6.329
1034288686,2024/04/08,589.0,737.0,568.0,749.0,609.0,725.0,-0.12568,0.18205,-0.97523,-0.2415,0.17118,-0.95518,6.147,6.326
1034305341,2024/04/08,590.0,738.0,568.0,752.0,613.0,725.0,-0.12586,0.18295,-0.97503,-0.24013,0.17112,-0.95554,6.141,6.317
1034321996,2024/04/08,587.0,736.0,572.0,747.0,602.0,726.0,-0.12415,0.18161,-0.9755,-0.24322,0.17138,-0.95471,6.136,6.309
1034338651,2024/04/08,568.0,781.0,572.0,797.0,565.0,765.0,-0.12379,0.19771,-0.97241,-0.25405,0.1833,-0.94966,6.013,6.198
1034355304,2024/04/08,555.0,817.0,586.0,840.0,523.0,794.0,-0.1187,0.21155,-0.97013,-0.266,0.19163,-0.94473,5.976,6.217
1034371959,2024/04/08,nan,nan,nan,nan,nan,nan,nan,nan,nan,nan,nan,nan,nan,nan
1034388614,2024/04/08,nan,nan,nan,nan,nan,nan,nan,nan,nan,nan,nan,nan,nan,nan
1034405268,2024/04/08,1077.0,1407.0,1077.0,1407.0,nan,nan,0.04081,0.38051,-0.92388,nan,nan,nan,1.007,nan
1034421923,2024/04/08,1077.0,1407.0,1077.0,1407.0,nan,nan,0.03929,0.37553,-0.92598,nan,nan,nan,1.007,nan
1034438578,2024/04/08,nan,nan,nan,nan,nan,nan,nan,nan,nan,nan,nan,nan,nan,nan
1034455232,2024/04/08,nan,nan,nan,nan,nan,nan,nan,nan,nan,nan,nan,nan,nan,nan
1034471887,2024/04/08,nan,nan,nan,nan,nan,nan,nan,nan,nan,nan,nan,nan,nan,nan
1034488541,2024/04/08,nan,nan,nan,nan,nan,nan,nan,nan,nan,nan,nan,nan,nan,nan
1034505195,2024/04/08,nan,nan,nan,nan,nan,nan,nan,nan,nan,nan,nan,nan,nan,nan
1034521850,2024/04/08,nan,nan,nan,nan,nan,nan,nan,nan,nan,nan,nan,nan,nan,nan
1034538505,2024/04/08,nan,nan,nan,nan,nan,nan,nan,nan,nan,nan,nan,nan,nan,nan
1034555159,2024/04/08,546.0,805.0,516.0,855.0,576.0,754.0,-0.14269,0.21066,-0.96709,-0.2494,0.17898,-0.95172,5.667,6.024
1034571814,2024/04/08,558.0,808.0,535.0,856.0,581.0,761.0,-0.13489,0.21332,-0.96763,-0.2474,0.18188,-0.95169,5.737,6.088
1034588469,2024/04/08,566.0,829.0,552.0,879.0,579.0,779.0,-0.12878,0.22113,-0.96671,-0.24769,0.18744,-0.95053,5.672,6.068
1034605124,2024/04/08,559.0,807.0,550.0,829.0,568.0,785.0,-0.12993,0.20564,-0.96996,-0.2512,0.18886,-0.94933,5.734,6.054
1034621777,2024/04/08,552.0,781.0,538.0,788.0,567.0,775.0,-0.13436,0.19269,-0.97202,-0.25189,0.1858,-0.94975,5.827,6.084
1034638432,2024/04/08,554.0,756.0,544.0,763.0,565.0,749.0,-0.13231,0.18565,-0.97367,-0.25279,0.17787,-0.95103,5.866,6.136
1034655087,2024/04/08,559.0,733.0,555.0,738.0,563.0,727.0,-0.12874,0.17789,-0.97559,-0.25385,0.17121,-0.95197,5.901,6.168
1034671741,2024/04/08,559.0,738.0,554.0,746.0,565.0,730.0,-0.12905,0.18042,-0.97509,-0.25317,0.17209,-0.95199,5.862,6.144
1034688396,2024/04/08,553.0,736.0,544.0,738.0,562.0,734.0,-0.13227,0.17766,-0.97516,-0.25383,0.17315,-0.95162,5.861,6.139
1034705051,2024/04/08,554.0,746.0,543.0,752.0,564.0,741.0,-0.13212,0.18203,-0.97438,-0.25308,0.17514,-0.95146,5.845,6.129
1034721705,2024/04/08,553.0,741.0,540.0,748.0,565.0,735.0,-0.13312,0.18104,-0.97443,-0.2527,0.17364,-0.95184,5.84,6.131
1034738360,2024/04/08,545.0,730.0,524.0,739.0,565.0,721.0,-0.13835,0.17829,-0.9742,-0.25318,0.16925,-0.9525,5.85,6.141
1034755014,2024/04/08,545.0,731.0,533.0,739.0,557.0,722.0,-0.13554,0.17879,-0.97451,-0.25567,0.17016,-0.95167,5.85,6.143
1034771668,2024/04/08,547.0,731.0,539.0,740.0,556.0,723.0,-0.13407,0.17915,-0.97465,-0.25636,0.1704,-0.95144,5.845,6.141
1034788323,2024/04/08,548.0,730.0,536.0,744.0,559.0,716.0,-0.13496,0.18061,-0.97425,-0.25567,0.16849,-0.95197,5.849,6.144
1034804978,2024/04/08,546.0,727.0,540.0,740.0,553.0,714.0,-0.13419,0.17935,-0.97459,-0.25806,0.16769,-0.95147,5.853,6.149
1034821632,2024/04/08,541.0,726.0,539.0,736.0,542.0,716.0,-0.13468,0.17819,-0.97474,-0.26184,0.16822,-0.95034,5.86,6.154
1034838287,2024/04/08,539.0,717.0,529.0,726.0,549.0,709.0,-0.13839,0.17538,-0.97473,-0.25994,0.16626,-0.9512,5.866,6.161
1034854942,2024/04/08,534.0,716.0,513.0,727.0,555.0,705.0,-0.14368,0.176,-0.97385,-0.2583,0.16565,-0.95176,5.875,6.167
1034871597,2024/04/08,530.0,730.0,512.0,743.0,548.0,717.0,-0.14387,0.182,-0.97272,-0.26023,0.16995,-0.95047,5.879,6.179
1034888250,2024/04/08,543.0,725.0,530.0,736.0,555.0,714.0,-0.13801,0.17989,-0.97396,-0.25822,0.16893,-0.9512,5.888,6.189
1034904905,2024/04/08,552.0,721.0,549.0,733.0,554.0,709.0,-0.13206,0.1792,-0.97491,-0.25864,0.1673,-0.95138,5.9,6.2
1034921560,2024/04/08,548.0,724.0,547.0,731.0,550.0,716.0,-0.13278,0.17837,-0.97496,-0.26001,0.16967,-0.95058,5.907,6.197
1034938214,2024/04/08,551.0,722.0,550.0,728.0,553.0,715.0,-0.13155,0.17772,-0.97525,-0.25886,0.16942,-0.95094,5.916,6.2
1034954869,2024/04/08,551.0,720.0,546.0,733.0,556.0,707.0,-0.13247,0.17942,-0.97481,-0.25792,0.16716,-0.95159,5.928,6.207
1034971524,2024/04/08,542.0,720.0,542.0,735.0,543.0,705.0,-0.13395,0.1803,-0.97445,-0.26189,0.16659,-0.95061,5.938,6.222
1034988178,2024/04/08,545.0,717.0,548.0,732.0,541.0,702.0,-0.13176,0.17984,-0.97483,-0.26266,0.16609,-0.95049,5.94,6.227
1035004833,2024/04/08,549.0,720.0,544.0,735.0,555.0,706.0,-0.13346,0.18066,-0.97445,-0.25847,0.16746,-0.95139,5.932,6.227
1035021487,2024/04/08,612.0,723.0,602.0,731.0,622.0,716.0,-0.11408,0.18092,-0.97686,-0.23771,0.17262,-0.95587,5.923,6.22
1035038141,2024/04/08,739.0,707.0,720.0,701.0,758.0,713.0,-0.07671,0.17191,-0.98212,-0.19678,0.17311,-0.96504,5.919,6.219
1035054796,2024/04/08,828.0,708.0,805.0,709.0,850.0,708.0,-0.04913,0.17408,-0.98351,-0.16824,0.17159,-0.9707,5.92,6.218
1035071451,2024/04/08,843.0,714.0,823.0,726.0,863.0,701.0,-0.04264,0.18061,-0.98263,-0.16379,0.17012,-0.97172,5.881,6.189
1035088105,2024/04/08,843.0,715.0,827.0,729.0,860.0,701.0,-0.04132,0.18174,-0.98248,-0.16468,0.17044,-0.97151,5.851,6.172
1035104760,2024/04/08,846.0,715.0,833.0,729.0,858.0,701.0,-0.03865,0.18246,-0.98245,-0.1649,0.17094,-0.97138,5.854,6.159
1035121415,2024/04/08,849.0,710.0,839.0,723.0,858.0,697.0,-0.03654,0.18063,-0.98287,-0.16462,0.16973,-0.97164,5.845,6.153
1035138070,2024/04/08,847.0,700.0,842.0,713.0,853.0,687.0,-0.03516,0.17738,-0.98351,-0.16618,0.1665,-0.97194,5.824,6.15
1035154723,2024/04/08,847.0,700.0,844.0,713.0,850.0,688.0,-0.03423,0.17715,-0.98359,-0.16675,0.16658,-0.97183,5.807,6.14
1035171378,2024/04/08,844.0,704.0,831.0,718.0,856.0,690.0,-0.03828,0.17872,-0.98316,-0.16461,0.16729,-0.97207,5.802,6.113
1035188033,2024/04/08,842.0,701.0,830.0,716.0,854.0,686.0,-0.03849,0.17793,-0.98329,-0.16534,0.16595,-0.97217,5.785,6.093
1035204687,2024/04/08,847.0,701.0,839.0,716.0,854.0,686.0,-0.03513,0.17825,-0.98336,-0.16523,0.16631,-0.97213,5.761,6.079
1035221342,2024/04/08,844.0,707.0,839.0,728.0,849.0,687.0,-0.0352,0.1822,-0.98263,-0.1665,0.16684,-0.97182,5.741,6.072
1035237997,2024/04/08,847.0,710.0,841.0,729.0,853.0,691.0,-0.03434,0.18274,-0.98256,-0.16539,0.16824,-0.97177,5.729,6.053
1035254651,2024/04/08,847.0,704.0,844.0,717.0,850.0,691.0,-0.03332,0.179,-0.98328,-0.16633,0.16808,-0.97164,5.72,6.037
1035271306,2024/04/08,847.0,700.0,837.0,712.0,856.0,688.0,-0.0355,0.17742,-0.98349,-0.16422,0.16722,-0.97215,5.711,6.025
1035287960,2024/04/08,846.0,700.0,836.0,717.0,856.0,684.0,-0.03577,0.17902,-0.9832,-0.16415,0.16621,-0.97233,5.697,6.012
1035304614,2024/04/08,844.0,703.0,842.0,720.0,846.0,687.0,-0.03358,0.18028,-0.98304,-0.16726,0.16717,-0.97164,5.681,5.996
1035321269,2024/04/08,845.0,701.0,840.0,716.0,850.0,687.0,-0.03406,0.17895,-0.98327,-0.16594,0.16723,-0.97185,5.669,5.982
1035337924,2024/04/08,840.0,697.0,837.0,712.0,844.0,683.0,-0.03511,0.17776,-0.98345,-0.16761,0.16578,-0.97182,5.656,5.974
1035354578,2024/04/08,840.0,698.0,838.0,714.0,841.0,682.0,-0.03449,0.17828,-0.98337,-0.16837,0.16562,-0.97171,5.643,5.962
1035371233,2024/04/08,839.0,699.0,842.0,715.0,836.0,684.0,-0.03321,0.17847,-0.98338,-0.16991,0.16589,-0.9714,5.631,5.954
1035387888,2024/04/08,840.0,699.0,839.0,714.0,840.0,684.0,-0.0342,0.1783,-0.98338,-0.16855,0.16606,-0.9716,5.619,5.941
1035404543,2024/04/08,839.0,701.0,834.0,717.0,844.0,686.0,-0.03564,0.17918,-0.98317,-0.16745,0.16667,-0.97169,5.615,5.929
1035421196,2024/04/08,835.0,698.0,834.0,715.0,837.0,682.0,-0.03595,0.17849,-0.98329,-0.16994,0.16538,-0.97148,5.606,5.92
1035437851,2024/04/08,832.0,698.0,831.0,714.0,833.0,683.0,-0.03739,0.17806,-0.98331,-0.17155,0.1653,-0.97121,5.599,5.892
1035454506,2024/04/08,837.0,709.0,835.0,716.0,839.0,701.0,-0.03516,0.17857,-0.9833,-0.16869,0.17115,-0.9707,5.595,5.858
1035471160,2024/04/08,840.0,703.0,834.0,714.0,846.0,691.0,-0.03645,0.1784,-0.98328,-0.16742,0.16795,-0.97147,5.603,5.891
1035487815,2024/04/08,840.0,699.0,835.0,717.0,846.0,681.0,-0.03601,0.17936,-0.98312,-0.16727,0.16505,-0.972,5.603,5.903
1035504470,2024/04/08,800.0,705.0,793.0,726.0,806.0,683.0,-0.04887,0.1831,-0.98188,-0.17908,0.16623,-0.96969,5.596,5.909
1035521124,2024/04/08,655.0,731.0,646.0,757.0,664.0,706.0,-0.09687,0.19158,-0.97668,-0.22293,0.17096,-0.95973,5.602,5.941
1035537779,2024/04/08,515.0,760.0,505.0,779.0,525.0,741.0,-0.14256,0.19673,-0.97004,-0.26481,0.17954,-0.94744,5.624,5.955
1035554433,2024/04/08,476.0,764.0,467.0,778.0,485.0,751.0,-0.15391,0.19619,-0.96841,-0.27565,0.18222,-0.94383,5.609,5.935
1035571087,2024/04/08,476.0,762.0,479.0,771.0,472.0,753.0,-0.15016,0.19389,-0.96946,-0.27955,0.18283,-0.94256,5.605,5.937
1035587742,2024/04/08,474.0,760.0,480.0,769.0,469.0,751.0,-0.14991,0.19326,-0.96963,-0.28065,0.18202,-0.94239,5.621,5.953
1035604397,2024/04/08,482.0,765.0,488.0,779.0,476.0,751.0,-0.14729,0.19636,-0.96941,-0.27849,0.18194,-0.94305,5.604,5.953
1035621051,2024/04/08,485.0,763.0,492.0,776.0,477.0,751.0,-0.14622,0.19513,-0.96982,-0.2781,0.18193,-0.94316,5.606,5.954
1035637706,2024/04/08,481.0,758.0,490.0,772.0,471.0,745.0,-0.14693,0.19357,-0.97002,-0.28049,0.17944,-0.94293,5.627,5.957
1035654361,2024/04/08,480.0,763.0,489.0,778.0,470.0,749.0,-0.14742,0.19539,-0.96958,-0.28098,0.18046,-0.9426,5.63,5.963
1035671016,2024/04/08,488.0,765.0,498.0,783.0,478.0,748.0,-0.14478,0.1967,-0.96971,-0.27873,0.18026,-0.9433,5.618,5.964
1035687669,2024/04/08,486.0,764.0,499.0,777.0,474.0,751.0,-0.14476,0.19494,-0.97008,-0.27999,0.18115,-0.94276,5.632,5.974
1035704324,2024/04/08,484.0,769.0,494.0,781.0,474.0,757.0,-0.14651,0.19648,-0.9695,-0.27986,0.18333,-0.94237,5.655,5.987
1035720979,2024/04/08,486.0,768.0,492.0,783.0,479.0,752.0,-0.1472,0.19697,-0.9693,-0.27877,0.18172,-0.94301,5.675,5.998
1035737633,2024/04/08,487.0,768.0,495.0,783.0,479.0,754.0,-0.14632,0.19686,-0.96945,-0.27869,0.18208,-0.94296,5.696,6.008
1035754288,2024/04/08,492.0,767.0,501.0,781.0,484.0,752.0,-0.14458,0.19607,-0.96987,-0.27739,0.18141,-0.94347,5.708,6.015
1035770943,2024/04/08,494.0,765.0,506.0,783.0,482.0,747.0,-0.14301,0.19658,-0.97,-0.2781,0.1795,-0.94363,5.709,6.03
1035787597,2024/04/08,495.0,768.0,504.0,787.0,485.0,750.0,-0.14365,0.19734,-0.96975,-0.27736,0.18028,-0.9437,5.722,6.037
1035804252,2024/04/08,499.0,773.0,511.0,791.0,488.0,755.0,-0.14176,0.19851,-0.96979,-0.27668,0.18165,-0.94364,5.738,6.045
1035820906,2024/04/08,499.0,779.0,508.0,795.0,490.0,763.0,-0.14269,0.19963,-0.96943,-0.27579,0.18408,-0.94343,5.752,6.048
1035837560,2024/04/08,499.0,779.0,507.0,787.0,492.0,772.0,-0.14334,0.19694,-0.96988,-0.27543,0.18679,-0.943,5.767,6.059
1035854215,2024/04/08,499.0,779.0,511.0,785.0,487.0,772.0,-0.14216,0.19656,-0.97013,-0.27686,0.18702,-0.94253,5.777,6.065
1035870870,2024/04/08,503.0,777.0,514.0,789.0,492.0,764.0,-0.14128,0.19779,-0.97001,-0.2758,0.18454,-0.94333,5.789,6.078
1035887524,2024/04/08,503.0,779.0,513.0,793.0,493.0,766.0,-0.14169,0.19915,-0.96967,-0.2755,0.1851,-0.94331,5.797,6.086
1035904179,2024/04/08,507.0,780.0,516.0,798.0,497.0,762.0,-0.14092,0.20082,-0.96944,-0.27446,0.18402,-0.94383,5.801,6.097
1035920834,2024/04/08,508.0,779.0,515.0,797.0,501.0,760.0,-0.14152,0.20044,-0.96943,-0.27344,0.18337,-0.94425,5.822,6.108
1035937489,2024/04/08,507.0,773.0,511.0,791.0,503.0,755.0,-0.14298,0.19848,-0.96962,-0.27321,0.18175,-0.94463,5.835,6.115
1035954143,2024/04/08,507.0,771.0,512.0,785.0,501.0,757.0,-0.14265,0.19657,-0.97006,-0.27376,0.18242,-0.94434,5.848,6.125
1035970797,2024/04/08,509.0,770.0,517.0,774.0,502.0,767.0,-0.14134,0.1931,-0.97095,-0.27329,0.1858,-0.94382,5.864,6.131
1035987452,2024/04/08,509.0,771.0,514.0,776.0,505.0,766.0,-0.14239,0.19388,-0.97064,-0.27234,0.18546,-0.94416,5.872,6.139
1036004106,2024/04/08,497.0,775.0,501.0,785.0,494.0,766.0,-0.14669,0.19635,-0.9695,-0.27571,0.18526,-0.94322,5.877,6.148
1036020761,2024/04/08,499.0,774.0,497.0,782.0,501.0,765.0,-0.14807,0.19525,-0.96951,-0.27379,0.18481,-0.94387,5.886,6.151
1036037416,2024/04/08,501.0,771.0,501.0,782.0,501.0,760.0,-0.14698,0.19508,-0.96971,-0.27418,0.18291,-0.94412,5.881,6.154
1036054070,2024/04/08,499.0,775.0,504.0,784.0,495.0,766.0,-0.14653,0.19564,-0.96967,-0.27622,0.18482,-0.94316,5.88,6.152
1036070725,2024/04/08,493.0,774.0,488.0,777.0,498.0,771.0,-0.1521,0.19329,-0.96928,-0.27547,0.18643,-0.94306,5.903,6.148
1036087380,2024/04/08,495.0,769.0,490.0,774.0,499.0,765.0,-0.15162,0.19242,-0.96953,-0.27565,0.18423,-0.94344,5.898,6.148
1036104033,2024/04/08,504.0,770.0,504.0,772.0,505.0,767.0,-0.14757,0.19184,-0.97027,-0.27425,0.18508,-0.94368,5.89,6.136
1036120688,2024/04/08,505.0,772.0,507.0,770.0,502.0,774.0,-0.14673,0.19136,-0.97049,-0.27509,0.18714,-0.94303,5.886,6.13
1036137343,2024/04/08,503.0,773.0,504.0,774.0,503.0,772.0,-0.14791,0.19267,-0.97005,-0.275,0.18636,-0.94321,5.877,6.122
1036153997,2024/04/08,497.0,770.0,497.0,775.0,497.0,766.0,-0.15011,0.19275,-0.9697,-0.27695,0.18416,-0.94307,5.872,6.118
1036170652,2024/04/08,507.0,766.0,509.0,773.0,506.0,760.0,-0.14643,0.19204,-0.9704,-0.2744,0.18234,-0.94417,5.855,6.117
1036187307,2024/04/08,637.0,791.0,632.0,797.0,643.0,784.0,-0.10516,0.20178,-0.97377,-0.2317,0.19327,-0.9534,5.843,6.109
1036203962,2024/04/08,999.0,839.0,850.0,821.0,1148.0,858.0,-0.03373,0.21121,-0.97686,-0.07056,0.22187,-0.97252,5.848,6.153
1036220616,2024/04/08,1168.0,876.0,1020.0,860.0,1316.0,893.0,0.02117,0.22317,-0.97455,-0.01618,0.23296,-0.97235,5.901,6.189
1036237270,2024/04/08,1068.0,871.0,1052.0,870.0,1084.0,871.0,0.03204,0.22667,-0.97345,-0.09181,0.22542,-0.96993,5.924,6.16
1036253925,2024/04/08,1073.0,869.0,1069.0,869.0,1078.0,869.0,0.03774,0.22618,-0.97335,-0.09367,0.22473,-0.96991,5.924,6.159
1036270579,2024/04/08,1075.0,872.0,1076.0,876.0,1074.0,868.0,0.03998,0.22817,-0.9728,-0.09482,0.22422,-0.96991,5.928,6.16
1036287234,2024/04/08,1075.0,871.0,1076.0,877.0,1074.0,865.0,0.04025,0.22847,-0.97272,-0.09484,0.22313,-0.97016,5.922,6.153
1036303889,2024/04/08,1074.0,871.0,1073.0,880.0,1076.0,861.0,0.03913,0.22937,-0.97255,-0.09416,0.222,-0.97049,5.906,6.142
1036320543,2024/04/08,1076.0,871.0,1071.0,881.0,1082.0,861.0,0.03864,0.22977,-0.97248,-0.09229,0.22174,-0.97073,5.899,6.138
1036337198,2024/04/08,1078.0,870.0,1071.0,881.0,1085.0,859.0,0.03887,0.22991,-0.97244,-0.091,0.22132,-0.97095,5.897,6.139
1036353853,2024/04/08,1079.0,859.0,1075.0,873.0,1083.0,846.0,0.0409,0.22724,-0.97298,-0.09111,0.21689,-0.97194,5.894,6.156
1036370506,2024/04/08,1073.0,872.0,1067.0,877.0,1079.0,866.0,0.03828,0.22843,-0.97281,-0.09236,0.22294,-0.97045,5.888,6.132
1036387161,2024/04/08,1067.0,879.0,1057.0,887.0,1076.0,871.0,0.03537,0.23164,-0.97216,-0.09271,0.22435,-0.97009,5.886,6.113
1036403816,2024/04/08,1067.0,873.0,1057.0,889.0,1077.0,857.0,0.03553,0.23199,-0.97207,-0.09215,0.22011,-0.97111,5.894,6.107
1036420470,2024/04/08,1068.0,872.0,1059.0,889.0,1076.0,855.0,0.03676,0.23167,-0.9721,-0.09227,0.21926,-0.97129,5.895,6.102
1036437125,2024/04/08,1067.0,876.0,1057.0,889.0,1077.0,864.0,0.03628,0.23156,-0.97214,-0.09156,0.22204,-0.97073,5.899,6.102
1036453780,2024/04/08,1111.0,893.0,1101.0,902.0,1122.0,884.0,0.05063,0.23566,-0.97052,-0.07696,0.22893,-0.9704,5.895,6.094
1036470435,2024/04/08,1184.0,923.0,1165.0,937.0,1203.0,909.0,0.07115,0.24572,-0.96673,-0.05059,0.23667,-0.97027,5.847,6.085
1036487089,2024/04/08,1245.0,937.0,1253.0,955.0,1238.0,919.0,0.09941,0.24989,-0.96316,-0.03896,0.23971,-0.97006,5.879,6.09
1036503743,2024/04/08,1243.0,936.0,1253.0,955.0,1233.0,917.0,0.09908,0.24994,-0.96318,-0.04075,0.23936,-0.97007,5.879,6.084
1036520398,2024/04/08,1232.0,916.0,nan,nan,1232.0,916.0,nan,nan,nan,-0.04101,0.23896,-0.97016,nan,6.085
1036537052,2024/04/08,1222.0,925.0,1213.0,927.0,1232.0,923.0,0.0862,0.24068,-0.96677,-0.04086,0.24099,-0.96967,5.982,6.096
1036553707,2024/04/08,1227.0,932.0,1223.0,945.0,1231.0,919.0,0.08984,0.248,-0.96459,-0.04087,0.24109,-0.96964,5.934,6.098
1036570362,2024/04/08,1229.0,930.0,1225.0,940.0,1233.0,919.0,0.0908,0.24668,-0.96483,-0.04021,0.24108,-0.96967,5.941,6.098
1036587016,2024/04/08,1231.0,930.0,1229.0,935.0,1233.0,925.0,0.0921,0.24523,-0.96508,-0.04003,0.24259,-0.9693,5.946,6.101
1036603671,2024/04/08,1236.0,923.0,1237.0,932.0,1235.0,914.0,0.09489,0.24418,-0.96507,-0.03925,0.23927,-0.97016,5.961,6.114
1036620326,2024/04/08,1234.0,924.0,1239.0,932.0,1229.0,916.0,0.0957,0.24432,-0.96496,-0.0413,0.23993,-0.96991,5.967,6.12
1036636979,2024/04/08,1228.0,954.0,1243.0,954.0,1214.0,954.0,0.09651,0.25049,-0.9633,-0.04627,0.25123,-0.96682,5.91,6.056
1036653634,2024/04/08,1213.0,972.0,nan,nan,1213.0,972.0,nan,nan,nan,-0.0458,0.2554,-0.96575,nan,6.013
1036670289,2024/04/08,nan,nan,nan,nan,nan,nan,nan,nan,nan,nan,nan,nan,nan,nan
1036686943,2024/04/08,nan,nan,nan,nan,nan,nan,nan,nan,nan,nan,nan,nan,nan,nan
1036703598,2024/04/08,nan,nan,nan,nan,nan,nan,nan,nan,nan,nan,nan,nan,nan,nan
1036720253,2024/04/08,nan,nan,nan,nan,nan,nan,nan,nan,nan,nan,nan,nan,nan,nan
1036736908,2024/04/08,nan,nan,nan,nan,nan,nan,nan,nan,nan,nan,nan,nan,nan,nan
1036753562,2024/04/08,nan,nan,nan,nan,nan,nan,nan,nan,nan,nan,nan,nan,nan,nan
1036770216,2024/04/08,nan,nan,nan,nan,nan,nan,nan,nan,nan,nan,nan,nan,nan,nan
1036786871,2024/04/08,nan,nan,nan,nan,nan,nan,nan,nan,nan,nan,nan,nan,nan,nan
1036803525,2024/04/08,nan,nan,nan,nan,nan,nan,nan,nan,nan,nan,nan,nan,nan,nan
1036820180,2024/04/08,591.0,705.0,nan,nan,591.0,705.0,nan,nan,nan,-0.2417,0.16652,-0.95596,nan,6.147
1036836835,2024/04/08,591.0,705.0,nan,nan,591.0,705.0,nan,nan,nan,-0.24177,0.16727,-0.95581,nan,6.147
1036853489,2024/04/08,554.0,810.0,544.0,837.0,565.0,782.0,-0.13245,0.21435,-0.96774,-0.25132,0.19298,-0.94847,5.762,6.077
1036870144,2024/04/08,553.0,792.0,556.0,802.0,550.0,782.0,-0.12746,0.20379,-0.97068,-0.25582,0.19286,-0.94729,5.933,6.125
1036886799,2024/04/08,553.0,811.0,553.0,836.0,552.0,785.0,-0.12799,0.2148,-0.96823,-0.25547,0.19381,-0.94719,5.89,6.141
1036903452,2024/04/08,549.0,828.0,539.0,899.0,559.0,756.0,-0.1326,0.23423,-0.9631,-0.25458,0.18472,-0.94925,5.699,6.22
1036920107,2024/04/08,554.0,795.0,552.0,856.0,557.0,734.0,-0.12894,0.22035,-0.96686,-0.25604,0.17718,-0.95029,5.822,6.264
1036936762,2024/04/08,551.0,770.0,552.0,811.0,549.0,729.0,-0.12925,0.20704,-0.96976,-0.25829,0.1762,-0.94986,5.973,6.263
1036953416,2024/04/08,547.0,760.0,543.0,788.0,551.0,731.0,-0.13232,0.19989,-0.97084,-0.25808,0.17674,-0.94982,6.034,6.267
1036970071,2024/04/08,552.0,755.0,538.0,774.0,567.0,736.0,-0.134,0.19557,-0.97149,-0.25316,0.17858,-0.9508,6.049,6.269
1036986726,2024/04/08,553.0,746.0,539.0,761.0,567.0,732.0,-0.1338,0.19147,-0.97234,-0.25342,0.17724,-0.95098,6.083,6.269
1037003381,2024/04/08,550.0,749.0,540.0,771.0,561.0,727.0,-0.13296,0.19471,-0.97181,-0.25506,0.17576,-0.95082,6.088,6.273
1037020035,2024/04/08,554.0,744.0,547.0,759.0,561.0,728.0,-0.1306,0.1906,-0.97294,-0.25477,0.17592,-0.95087,6.109,6.274
1037036689,2024/04/08,554.0,753.0,552.0,772.0,557.0,733.0,-0.12904,0.19472,-0.97233,-0.25592,0.17713,-0.95033,6.101,6.279
1037053344,2024/04/08,556.0,756.0,547.0,779.0,565.0,733.0,-0.13027,0.19659,-0.97179,-0.25359,0.17727,-0.95093,6.095,6.276
1037069998,2024/04/08,555.0,754.0,543.0,775.0,566.0,733.0,-0.13189,0.19533,-0.97183,-0.25359,0.17702,-0.95098,6.099,6.281
1037086653,2024/04/08,549.0,753.0,542.0,769.0,556.0,737.0,-0.13245,0.19333,-0.97215,-0.25651,0.17823,-0.94997,6.101,6.272
1037103308,2024/04/08,552.0,747.0,543.0,762.0,561.0,733.0,-0.13277,0.1908,-0.97261,-0.25561,0.17695,-0.95045,6.11,6.273
1037119962,2024/04/08,559.0,750.0,541.0,768.0,577.0,732.0,-0.13363,0.19269,-0.97212,-0.25088,0.17682,-0.95173,6.107,6.272
1037136617,2024/04/08,560.0,753.0,541.0,768.0,579.0,738.0,-0.13429,0.19245,-0.97208,-0.25082,0.17838,-0.95146,6.101,6.272
1037153272,2024/04/08,560.0,753.0,544.0,769.0,577.0,738.0,-0.13363,0.19281,-0.97209,-0.25201,0.17826,-0.95116,6.096,6.27
1037169925,2024/04/08,572.0,761.0,550.0,775.0,593.0,748.0,-0.13146,0.1951,-0.97193,-0.2463,0.18218,-0.95192,6.098,6.177
1037186580,2024/04/08,576.0,760.0,548.0,770.0,604.0,749.0,-0.1326,0.19356,-0.97209,-0.24304,0.1824,-0.95271,6.104,6.167
1037203235,2024/04/08,570.0,757.0,556.0,772.0,584.0,743.0,-0.13062,0.19449,-0.97217,-0.25007,0.18008,-0.95133,6.098,6.256
1037219889,2024/04/08,569.0,759.0,559.0,773.0,579.0,745.0,-0.12913,0.19487,-0.97229,-0.25153,0.1809,-0.95079,6.096,6.259
1037236544,2024/04/08,569.0,755.0,559.0,769.0,580.0,740.0,-0.1291,0.19371,-0.97253,-0.25106,0.17914,-0.95125,6.101,6.259
1037253199,2024/04/08,563.0,756.0,553.0,772.0,574.0,741.0,-0.13092,0.19429,-0.97217,-0.25267,0.17926,-0.9508,6.101,6.254
1037269854,2024/04/08,563.0,757.0,557.0,771.0,570.0,743.0,-0.12932,0.19407,-0.97243,-0.25384,0.18015,-0.95032,6.105,6.258
1037286508,2024/04/08,568.0,756.0,559.0,770.0,578.0,742.0,-0.12843,0.19388,-0.97258,-0.25106,0.17999,-0.95109,6.108,6.264
1037303162,2024/04/08,567.0,750.0,549.0,760.0,584.0,739.0,-0.13181,0.19081,-0.97274,-0.24925,0.17928,-0.9517,6.111,6.266
1037319817,2024/04/08,567.0,747.0,550.0,761.0,585.0,732.0,-0.13141,0.19123,-0.97271,-0.24933,0.17732,-0.95205,6.113,6.267
1037336471,2024/04/08,580.0,748.0,568.0,765.0,592.0,731.0,-0.12631,0.19235,-0.97316,-0.24812,0.17663,-0.95249,6.102,6.259
1037353126,2024/04/08,691.0,749.0,677.0,756.0,705.0,742.0,-0.0905,0.19118,-0.97737,-0.21297,0.18252,-0.95986,6.086,6.246
1037369781,2024/04/08,830.0,729.0,800.0,735.0,859.0,722.0,-0.05047,0.18533,-0.98138,-0.16493,0.17807,-0.9701,6.079,6.247
1037386435,2024/04/08,878.0,718.0,857.0,729.0,900.0,708.0,-0.03199,0.18321,-0.98255,-0.1522,0.17326,-0.97305,6.095,6.262
1037403090,2024/04/08,877.0,724.0,864.0,731.0,890.0,717.0,-0.02967,0.18436,-0.98241,-0.15559,0.17679,-0.97187,6.076,6.238
1037419745,2024/04/08,883.0,722.0,873.0,728.0,893.0,716.0,-0.02632,0.18362,-0.98265,-0.15432,0.17646,-0.97214,6.058,6.229
1037436398,2024/04/08,885.0,712.0,874.0,719.0,896.0,705.0,-0.02589,0.18097,-0.98315,-0.15312,0.17322,-0.97291,6.049,6.225
1037453053,2024/04/08,884.0,713.0,874.0,721.0,893.0,704.0,-0.02543,0.18161,-0.98304,-0.15413,0.17253,-0.97287,6.041,6.221
1037469708,2024/04/08,881.0,715.0,866.0,729.0,895.0,702.0,-0.02776,0.18398,-0.98254,-0.15321,0.17194,-0.97312,6.024,6.213
1037486362,2024/04/08,878.0,720.0,866.0,738.0,890.0,703.0,-0.0275,0.18669,-0.98203,-0.15449,0.17208,-0.97289,6.011,6.206
1037503017,2024/04/08,877.0,718.0,867.0,733.0,887.0,704.0,-0.02684,0.18506,-0.98236,-0.15505,0.17235,-0.97276,5.995,6.201
1037519672,2024/04/08,878.0,712.0,874.0,723.0,883.0,701.0,-0.02431,0.1818,-0.98304,-0.15635,0.17173,-0.97266,5.984,6.198
1037536327,2024/04/08,883.0,711.0,882.0,718.0,884.0,705.0,-0.02137,0.18021,-0.9834,-0.15577,0.17289,-0.97255,5.978,6.186
1037552981,2024/04/08,884.0,710.0,878.0,718.0,889.0,701.0,-0.02259,0.18054,-0.98331,-0.15418,0.17206,-0.97295,5.958,6.179
1037569635,2024/04/08,886.0,723.0,880.0,743.0,892.0,703.0,-0.02207,0.18807,-0.98191,-0.15302,0.17228,-0.97309,5.906,6.167
1037586290,2024/04/08,881.0,724.0,881.0,747.0,880.0,701.0,-0.02179,0.18987,-0.98157,-0.15694,0.17214,-0.97249,5.873,6.162
1037602944,2024/04/08,877.0,730.0,881.0,747.0,873.0,713.0,-0.0229,0.18996,-0.98152,-0.16029,0.17568,-0.97131,5.873,6.108
1037619599,2024/04/08,879.0,708.0,nan,nan,879.0,708.0,nan,nan,nan,-0.15783,0.17403,-0.97201,nan,6.093
1037636254,2024/04/08,872.0,696.0,866.0,697.0,878.0,696.0,-0.02521,0.17331,-0.98454,-0.15587,0.17019,-0.97301,5.92,6.131
1037652908,2024/04/08,877.0,708.0,872.0,723.0,881.0,693.0,-0.0239,0.18221,-0.98297,-0.15561,0.16978,-0.97312,5.854,6.125
1037669563,2024/04/08,880.0,708.0,870.0,724.0,890.0,692.0,-0.02409,0.18272,-0.98287,-0.15239,0.16956,-0.97367,5.829,6.1
1037686218,2024/04/08,880.0,707.0,866.0,728.0,895.0,686.0,-0.02517,0.18387,-0.98263,-0.15062,0.1677,-0.97426,5.806,6.083
1037702871,2024/04/08,879.0,706.0,866.0,731.0,892.0,680.0,-0.02462,0.18492,-0.98244,-0.1512,0.16587,-0.97449,5.794,6.076
1037719526,2024/04/08,876.0,703.0,864.0,726.0,888.0,681.0,-0.0252,0.18316,-0.98276,-0.15226,0.16621,-0.97426,5.782,6.081
1037736181,2024/04/08,875.0,705.0,862.0,725.0,888.0,684.0,-0.02565,0.18272,-0.98283,-0.15227,0.16692,-0.97414,5.769,6.077
1037752835,2024/04/08,877.0,707.0,865.0,728.0,889.0,687.0,-0.02475,0.18367,-0.98268,-0.15198,0.168,-0.974,5.756,6.064
1037769490,2024/04/08,876.0,705.0,861.0,722.0,891.0,688.0,-0.0262,0.18169,-0.98301,-0.15149,0.16816,-0.97405,5.748,6.071
1037786145,2024/04/08,876.0,699.0,863.0,718.0,889.0,681.0,-0.0258,0.18036,-0.98326,-0.1522,0.16606,-0.9743,5.744,6.075
1037802800,2024/04/08,881.0,695.0,870.0,714.0,893.0,676.0,-0.02368,0.17938,-0.98349,-0.15116,0.16455,-0.97472,5.742,6.065
1037819454,2024/04/08,881.0,701.0,868.0,716.0,893.0,686.0,-0.02429,0.18009,-0.98335,-0.15124,0.16804,-0.97411,5.741,6.064
1037836108,2024/04/08,835.0,714.0,785.0,723.0,886.0,706.0,-0.05135,0.18321,-0.98173,-0.15266,0.17527,-0.97261,5.746,6.039
1037852763,2024/04/08,576.0,704.0,598.0,725.0,554.0,684.0,-0.11234,0.18251,-0.97676,-0.25655,0.16419,-0.95248,5.761,6.101
1037869417,2024/04/08,529.0,715.0,521.0,735.0,536.0,694.0,-0.138,0.18434,-0.97313,-0.26207,0.1665,-0.95058,5.759,6.106
1037886072,2024/04/08,523.0,715.0,525.0,732.0,522.0,699.0,-0.13676,0.18356,-0.97345,-0.26623,0.16802,-0.94915,5.739,6.086
1037902727,2024/04/08,527.0,710.0,529.0,729.0,525.0,691.0,-0.13516,0.18253,-0.97387,-0.26546,0.16549,-0.94981,5.741,6.089
1037919381,2024/04/08,522.0,708.0,530.0,726.0,514.0,690.0,-0.13485,0.18186,-0.97403,-0.26843,0.16524,-0.94902,5.757,6.1
1037936036,2024/04/08,520.0,706.0,531.0,727.0,509.0,684.0,-0.13467,0.18195,-0.97404,-0.27032,0.16345,-0.94879,5.772,6.113
1037952691,2024/04/08,525.0,708.0,534.0,731.0,517.0,684.0,-0.13372,0.18343,-0.9739,-0.26807,0.16356,-0.94941,5.778,6.12
1037969344,2024/04/08,530.0,707.0,538.0,728.0,522.0,687.0,-0.13277,0.18226,-0.97424,-0.26681,0.16416,-0.94966,5.79,6.124
1037985999,2024/04/08,530.0,707.0,537.0,723.0,523.0,690.0,-0.13333,0.18084,-0.97443,-0.26661,0.16537,-0.94951,5.811,6.126
1038002654,2024/04/08,528.0,711.0,529.0,731.0,526.0,691.0,-0.13608,0.1834,-0.97357,-0.26577,0.16568,-0.94969,5.827,6.132
1038019308,2024/04/08,530.0,708.0,532.0,726.0,528.0,691.0,-0.13555,0.1819,-0.97393,-0.26569,0.1655,-0.94975,5.842,6.138
1038035963,2024/04/08,522.0,700.0,527.0,715.0,517.0,686.0,-0.13723,0.17844,-0.97433,-0.26934,0.16397,-0.94898,5.863,6.152
1038052618,2024/04/08,525.0,701.0,531.0,716.0,518.0,686.0,-0.13631,0.17887,-0.97438,-0.26919,0.16379,-0.94906,5.879,6.16
1038069273,2024/04/08,536.0,709.0,539.0,725.0,533.0,693.0,-0.13383,0.18199,-0.97415,-0.26476,0.16642,-0.94985,5.868,6.165
1038085927,2024/04/08,536.0,715.0,538.0,730.0,533.0,700.0,-0.13392,0.18324,-0.9739,-0.26453,0.16853,-0.94954,5.88,6.164
1038102582,2024/04/08,533.0,719.0,537.0,726.0,528.0,711.0,-0.13419,0.18193,-0.97411,-0.26582,0.17196,-0.94856,5.906,6.166
1038119236,2024/04/08,534.0,714.0,538.0,724.0,531.0,704.0,-0.13379,0.18123,-0.9743,-0.26513,0.16956,-0.94919,5.922,6.176
1038135890,2024/04/08,536.0,705.0,545.0,722.0,527.0,688.0,-0.13176,0.18051,-0.97471,-0.26665,0.16445,-0.94966,5.93,6.198
1038152545,2024/04/08,540.0,709.0,546.0,720.0,534.0,698.0,-0.1315,0.18015,-0.97481,-0.26442,0.16805,-0.94965,5.943,6.197
1038169200,2024/04/08,545.0,715.0,549.0,723.0,541.0,707.0,-0.13056,0.18113,-0.97475,-0.26225,0.17106,-0.94972,5.956,6.197
1038185854,2024/04/08,543.0,713.0,550.0,725.0,537.0,700.0,-0.13059,0.18221,-0.97455,-0.26383,0.16887,-0.94967,5.968,6.203
1038202509,2024/04/08,543.0,708.0,544.0,727.0,542.0,690.0,-0.13271,0.18273,-0.97416,-0.26242,0.16579,-0.9506,5.981,6.22
1038219164,2024/04/08,549.0,712.0,546.0,730.0,552.0,695.0,-0.13212,0.18375,-0.97405,-0.25958,0.16748,-0.95109,5.993,6.228
1038235818,2024/04/08,549.0,718.0,540.0,724.0,558.0,712.0,-0.13379,0.18195,-0.97416,-0.25678,0.17325,-0.95081,6.002,6.17
1038252472,2024/04/08,548.0,709.0,541.0,716.0,555.0,703.0,-0.13353,0.17928,-0.97469,-0.25775,0.16999,-0.95114,6.013,6.178
1038269127,2024/04/08,542.0,710.0,537.0,718.0,547.0,702.0,-0.1356,0.17998,-0.97428,-0.26098,0.16985,-0.95028,6.014,6.232
1038285781,2024/04/08,503.0,722.0,495.0,722.0,512.0,722.0,-0.14984,0.18055,-0.97209,-0.27171,0.17518,-0.9463,6.004,6.207
1038302436,2024/04/08,489.0,732.0,486.0,735.0,492.0,729.0,-0.15234,0.18452,-0.97095,-0.27762,0.177,-0.94424,6.006,6.2
1038319091,2024/04/08,489.0,737.0,490.0,748.0,487.0,725.0,-0.15041,0.18892,-0.97041,-0.27871,0.17605,-0.9441,6.002,6.198
1038335746,2024/04/08,486.0,734.0,488.0,745.0,483.0,722.0,-0.15079,0.18803,-0.97052,-0.27955,0.17497,-0.94405,6.001,6.207
1038352400,2024/04/08,488.0,731.0,485.0,746.0,491.0,716.0,-0.15152,0.18831,-0.97035,-0.27712,0.17339,-0.94506,6.008,6.234
1038369055,2024/04/08,487.0,732.0,485.0,743.0,488.0,721.0,-0.15138,0.18745,-0.97054,-0.2777,0.17499,-0.9446,5.998,6.237
1038385709,2024/04/08,485.0,733.0,483.0,743.0,487.0,723.0,-0.15184,0.18797,-0.97037,-0.2781,0.17619,-0.94425,5.994,6.24
1038402363,2024/04/08,475.0,733.0,469.0,749.0,480.0,717.0,-0.15628,0.19043,-0.96918,-0.28025,0.17483,-0.94387,5.995,6.234
1038419018,2024/04/08,472.0,735.0,466.0,751.0,477.0,720.0,-0.15737,0.19066,-0.96896,-0.28129,0.17536,-0.94346,5.979,6.217
1038435673,2024/04/08,480.0,737.0,475.0,747.0,484.0,726.0,-0.15472,0.18872,-0.96977,-0.27914,0.17665,-0.94386,5.96,6.2
1038452327,2024/04/08,484.0,735.0,478.0,749.0,490.0,721.0,-0.15365,0.1886,-0.96996,-0.27743,0.17454,-0.94476,5.943,6.203
1038468982,2024/04/08,482.0,731.0,473.0,745.0,490.0,717.0,-0.15499,0.18771,-0.96992,-0.27677,0.17372,-0.9451,5.93,6.192
1038485637,2024/04/08,479.0,722.0,474.0,735.0,483.0,709.0,-0.15547,0.18507,-0.97035,-0.27992,0.17146,-0.94459,5.917,6.188
1038502291,2024/04/08,483.0,720.0,477.0,730.0,490.0,710.0,-0.15482,0.18507,-0.97045,-0.27816,0.17331,-0.94477,5.914,6.161
1038518945,2024/04/08,481.0,722.0,469.0,734.0,493.0,711.0,-0.1575,0.18694,-0.96966,-0.27754,0.17448,-0.94474,5.898,6.154
1038535600,2024/04/08,482.0,723.0,475.0,738.0,489.0,709.0,-0.15573,0.18793,-0.96976,-0.27895,0.17316,-0.94456,5.882,6.161
1038552254,2024/04/08,483.0,720.0,479.0,733.0,488.0,707.0,-0.15467,0.18571,-0.97035,-0.27907,0.17184,-0.94477,5.874,6.157
1038568909,2024/04/08,478.0,719.0,471.0,729.0,485.0,708.0,-0.15717,0.18395,-0.97029,-0.28003,0.17183,-0.94449,5.865,6.147
1038585564,2024/04/08,476.0,718.0,466.0,728.0,486.0,708.0,-0.15886,0.18373,-0.97005,-0.27971,0.17181,-0.94459,5.845,6.146
1038602219,2024/04/08,471.0,719.0,463.0,731.0,478.0,707.0,-0.15968,0.18543,-0.9696,-0.28203,0.17229,-0.94381,5.842,6.137
1038618873,2024/04/08,467.0,720.0,469.0,730.0,465.0,710.0,-0.1576,0.18525,-0.96997,-0.28598,0.17305,-0.94248,5.837,6.131
1038635528,2024/04/08,471.0,723.0,471.0,735.0,471.0,711.0,-0.1567,0.18688,-0.9698,-0.28403,0.1732,-0.94304,5.823,6.116
1038652182,2024/04/08,470.0,725.0,472.0,740.0,468.0,709.0,-0.15593,0.18785,-0.96974,-0.28462,0.17241,-0.94301,5.815,6.111
1038668836,2024/04/08,474.0,723.0,478.0,740.0,471.0,706.0,-0.15381,0.18758,-0.97013,-0.28327,0.17115,-0.94365,5.812,6.117
1038685491,2024/04/08,477.0,735.0,474.0,747.0,479.0,722.0,-0.15446,0.18943,-0.96967,-0.28034,0.17614,-0.9436,5.789,6.116
1038702146,2024/04/08,473.0,804.0,472.0,809.0,475.0,799.0,-0.15459,0.20874,-0.96567,-0.28029,0.19958,-0.93894,5.782,6.111
1038718800,2024/04/08,476.0,872.0,479.0,880.0,473.0,864.0,-0.15135,0.23115,-0.96107,-0.27944,0.21958,-0.93472,5.79,6.089
1038735455,2024/04/08,469.0,884.0,472.0,899.0,467.0,868.0,-0.15453,0.23662,-0.95923,-0.28183,0.22067,-0.93374,5.718,6.095
1038752110,2024/04/08,467.0,881.0,463.0,902.0,470.0,861.0,-0.15771,0.23721,-0.95857,-0.28121,0.21852,-0.93444,5.713,6.108
1038768764,2024/04/08,474.0,873.0,477.0,888.0,472.0,859.0,-0.15305,0.23306,-0.96034,-0.28026,0.21829,-0.93477,5.777,6.099
1038785418,2024/04/08,478.0,873.0,479.0,885.0,477.0,862.0,-0.15207,0.23263,-0.9606,-0.27888,0.21967,-0.93486,5.78,6.093
1038802073,2024/04/08,480.0,873.0,478.0,882.0,483.0,865.0,-0.15241,0.23138,-0.96085,-0.2771,0.21999,-0.93532,5.778,6.094
1038818727,2024/04/08,480.0,874.0,478.0,879.0,483.0,869.0,-0.15257,0.23014,-0.96112,-0.27692,0.22071,-0.9352,5.786,6.099
1038835382,2024/04/08,476.0,874.0,478.0,879.0,474.0,869.0,-0.15245,0.22999,-0.96118,-0.27953,0.22077,-0.93441,5.794,6.104
1038852037,2024/04/08,482.0,875.0,486.0,877.0,477.0,874.0,-0.14984,0.22983,-0.96163,-0.27873,0.2223,-0.93429,5.802,6.096
1038868692,2024/04/08,487.0,869.0,488.0,869.0,486.0,869.0,-0.14926,0.22787,-0.96218,-0.27597,0.22137,-0.93533,5.796,6.087
1038885346,2024/04/08,481.0,872.0,481.0,876.0,480.0,867.0,-0.15116,0.22996,-0.96139,-0.27774,0.22074,-0.93495,5.799,6.087
1038902001,2024/04/08,478.0,881.0,477.0,886.0,479.0,877.0,-0.15215,0.23226,-0.96068,-0.27781,0.22317,-0.93436,5.809,6.096
1038918655,2024/04/08,474.0,884.0,475.0,888.0,473.0,881.0,-0.1527,0.23228,-0.96059,-0.27896,0.22351,-0.93393,5.82,6.098
1038935309,2024/04/08,473.0,884.0,476.0,892.0,471.0,876.0,-0.15181,0.23292,-0.96057,-0.27946,0.2217,-0.93421,5.826,6.104
1038951964,2024/04/08,475.0,882.0,479.0,889.0,471.0,874.0,-0.15047,0.23236,-0.96092,-0.27902,0.22144,-0.9344,5.835,6.109
1038968619,2024/04/08,477.0,883.0,481.0,885.0,472.0,881.0,-0.14954,0.23163,-0.96124,-0.27824,0.22399,-0.93403,5.854,6.108
1038985273,2024/04/08,478.0,883.0,479.0,886.0,478.0,879.0,-0.14996,0.2321,-0.96106,-0.27631,0.22412,-0.93457,5.866,6.109
1039001928,2024/04/08,476.0,878.0,478.0,884.0,474.0,873.0,-0.15016,0.23127,-0.96123,-0.27732,0.22194,-0.93479,5.863,6.114
1039018583,2024/04/08,477.0,875.0,479.0,879.0,475.0,872.0,-0.14951,0.22935,-0.96179,-0.27685,0.22106,-0.93514,5.863,6.118
1039035237,2024/04/08,477.0,876.0,476.0,883.0,478.0,870.0,-0.1503,0.22974,-0.96158,-0.27585,0.2201,-0.93566,5.862,6.128
1039051890,2024/04/08,478.0,876.0,477.0,886.0,479.0,867.0,-0.14955,0.23038,-0.96154,-0.27532,0.21899,-0.93608,5.866,6.129
1039068545,2024/04/08,478.0,875.0,481.0,883.0,476.0,868.0,-0.14831,0.22941,-0.96197,-0.27592,0.2193,-0.93583,5.87,6.127
1039085199,2024/04/08,482.0,880.0,487.0,883.0,477.0,877.0,-0.14596,0.2298,-0.96223,-0.27538,0.22207,-0.93533,5.869,6.117
1039101854,2024/04/08,484.0,879.0,484.0,885.0,483.0,873.0,-0.14692,0.23026,-0.96197,-0.27347,0.2209,-0.93617,5.872,6.117
1039118509,2024/04/08,479.0,877.0,478.0,887.0,479.0,868.0,-0.14877,0.2305,-0.96163,-0.2746,0.21919,-0.93624,5.877,6.115
1039135164,2024/04/08,484.0,878.0,484.0,887.0,485.0,868.0,-0.14668,0.23044,-0.96197,-0.27272,0.21913,-0.93681,5.874,6.115
1039151818,2024/04/08,487.0,879.0,490.0,887.0,483.0,871.0,-0.14424,0.2301,-0.96242,-0.27277,0.21958,-0.93669,5.872,6.123
1039168473,2024/04/08,481.0,883.0,491.0,888.0,472.0,878.0,-0.14394,0.22995,-0.9625,-0.27567,0.22124,-0.93545,5.882,6.128
1039185127,2024/04/08,484.0,883.0,488.0,891.0,481.0,875.0,-0.14468,0.23076,-0.96219,-0.27298,0.22044,-0.93642,5.884,6.13
1039201781,2024/04/08,492.0,879.0,493.0,881.0,492.0,876.0,-0.14281,0.2277,-0.9632,-0.26925,0.22082,-0.93741,5.876,6.076
1039218436,2024/04/08,560.0,795.0,532.0,822.0,587.0,769.0,-0.13043,0.21012,-0.96894,-0.24186,0.18982,-0.95156,5.885,6.1
1039235091,2024/04/08,582.0,746.0,572.0,759.0,592.0,733.0,-0.11757,0.19094,-0.97454,-0.24023,0.17914,-0.95404,5.899,6.144
1039251745,2024/04/08,588.0,720.0,583.0,734.0,594.0,706.0,-0.11525,0.1829,-0.97635,-0.24113,0.17044,-0.95541,5.914,6.148
1039268400,2024/04/08,592.0,723.0,587.0,743.0,597.0,703.0,-0.11347,0.18549,-0.97607,-0.24006,0.16924,-0.95589,5.913,6.15
1039285055,2024/04/08,595.0,728.0,592.0,748.0,599.0,709.0,-0.11156,0.18672,-0.97606,-0.23914,0.17094,-0.95582,5.907,6.145
1039301709,2024/04/08,597.0,737.0,598.0,746.0,595.0,727.0,-0.10855,0.18632,-0.97647,-0.23884,0.17682,-0.95482,5.904,6.098
1039318363,2024/04/08,596.0,737.0,601.0,747.0,592.0,727.0,-0.10783,0.18682,-0.97646,-0.23994,0.17702,-0.95451,5.904,6.108
1039335018,2024/04/08,592.0,731.0,597.0,744.0,588.0,719.0,-0.10957,0.18555,-0.97651,-0.24181,0.17409,-0.95458,5.917,6.156
1039351672,2024/04/08,589.0,728.0,597.0,738.0,581.0,718.0,-0.10905,0.18394,-0.97687,-0.24357,0.17417,-0.95412,5.921,6.158
1039368327,2024/04/08,586.0,725.0,596.0,734.0,577.0,715.0,-0.10908,0.1827,-0.9771,-0.24481,0.17295,-0.95402,5.922,6.161
1039384982,2024/04/08,588.0,725.0,593.0,735.0,583.0,714.0,-0.10979,0.1826,-0.97704,-0.24286,0.17251,-0.9546,5.922,6.163
1039401637,2024/04/08,596.0,723.0,599.0,733.0,594.0,713.0,-0.10768,0.18173,-0.97744,-0.23926,0.17215,-0.95557,5.921,6.161
1039418291,2024/04/08,598.0,727.0,600.0,732.0,595.0,721.0,-0.10696,0.18161,-0.97754,-0.23839,0.17476,-0.95532,5.921,6.155
1039434946,2024/04/08,591.0,732.0,594.0,738.0,589.0,727.0,-0.10881,0.18368,-0.97694,-0.24006,0.17649,-0.95458,5.929,6.162
1039451600,2024/04/08,588.0,728.0,594.0,738.0,582.0,719.0,-0.10847,0.18387,-0.97695,-0.24217,0.17405,-0.9545,5.933,6.175
1039468254,2024/04/08,591.0,722.0,598.0,731.0,585.0,713.0,-0.10689,0.18199,-0.97747,-0.24091,0.17252,-0.95509,5.919,6.18
1039484909,2024/04/08,591.0,722.0,598.0,732.0,584.0,712.0,-0.1065,0.18224,-0.97747,-0.24099,0.17241,-0.95509,5.923,6.184
1039501564,2024/04/08,590.0,717.0,598.0,725.0,582.0,710.0,-0.10594,0.18026,-0.9779,-0.24099,0.17196,-0.95517,5.938,6.192
1039518218,2024/04/08,589.0,720.0,595.0,732.0,583.0,708.0,-0.10671,0.18247,-0.9774,-0.24051,0.17138,-0.9554,5.932,6.2
1039534873,2024/04/08,585.0,729.0,594.0,744.0,576.0,713.0,-0.10625,0.18639,-0.97671,-0.24196,0.1731,-0.95472,5.919,6.208
1039551528,2024/04/08,583.0,724.0,593.0,733.0,573.0,714.0,-0.10645,0.18268,-0.97739,-0.24259,0.17332,-0.95452,5.934,6.213
1039568182,2024/04/08,544.0,727.0,552.0,737.0,536.0,717.0,-0.11906,0.1841,-0.97567,-0.25303,0.17398,-0.95169,5.949,6.217
1039584836,2024/04/08,510.0,735.0,513.0,746.0,507.0,723.0,-0.13085,0.18718,-0.97357,-0.26094,0.17634,-0.94911,5.942,6.218
1039601491,2024/04/08,509.0,732.0,512.0,738.0,507.0,726.0,-0.13147,0.18462,-0.97398,-0.26098,0.17715,-0.94895,5.945,6.221
1039618145,2024/04/08,511.0,729.0,514.0,742.0,508.0,715.0,-0.13053,0.18579,-0.97388,-0.26071,0.17391,-0.94962,5.939,6.22
1039634800,2024/04/08,508.0,731.0,512.0,748.0,504.0,713.0,-0.13166,0.18711,-0.97348,-0.26229,0.173,-0.94936,5.927,6.217
1039651455,2024/04/08,504.0,732.0,508.0,747.0,499.0,718.0,-0.13297,0.18665,-0.97339,-0.26398,0.17416,-0.94867,5.917,6.21
1039668110,2024/04/08,509.0,728.0,510.0,747.0,507.0,709.0,-0.13269,0.18637,-0.97348,-0.26192,0.17126,-0.94977,5.91,6.21
1039684764,2024/04/08,514.0,725.0,517.0,738.0,512.0,711.0,-0.13074,0.18387,-0.97422,-0.26056,0.17234,-0.94995,5.919,6.207
1039701419,2024/04/08,517.0,728.0,520.0,738.0,513.0,717.0,-0.13015,0.18409,-0.97425,-0.26062,0.17438,-0.94956,5.924,6.211
1039718073,2024/04/08,508.0,733.0,511.0,749.0,506.0,716.0,-0.13347,0.1879,-0.97308,-0.26298,0.17424,-0.94894,5.913,6.211
1039734727,2024/04/08,505.0,729.0,509.0,743.0,501.0,715.0,-0.13421,0.18593,-0.97335,-0.2649,0.17407,-0.94843,5.916,6.204
1039751382,2024/04/08,514.0,725.0,519.0,737.0,510.0,714.0,-0.13134,0.18415,-0.97408,-0.26252,0.1735,-0.9492,5.921,6.207
1039768037,2024/04/08,517.0,729.0,517.0,742.0,516.0,716.0,-0.13244,0.18527,-0.97372,-0.261,0.17412,-0.94951,5.911,6.206
1039784691,2024/04/08,512.0,732.0,513.0,743.0,511.0,720.0,-0.1344,0.18559,-0.97339,-0.26287,0.17498,-0.94883,5.905,6.2
1039801346,2024/04/08,510.0,733.0,518.0,744.0,503.0,722.0,-0.13298,0.18566,-0.97357,-0.2657,0.17556,-0.94794,5.899,6.195
1039818001,2024/04/08,498.0,698.0,499.0,706.0,497.0,690.0,-0.13986,0.17342,-0.97487,-0.26817,0.16543,-0.94906,5.896,6.191
1039834655,2024/04/08,482.0,640.0,474.0,658.0,490.0,622.0,-0.14875,0.15818,-0.97614,-0.27147,0.14439,-0.95155,5.89,6.19
1039851309,2024/04/08,477.0,601.0,468.0,614.0,485.0,587.0,-0.15115,0.1443,-0.97792,-0.27369,0.13369,-0.95248,5.874,6.188
1039867964,2024/04/08,471.0,596.0,467.0,603.0,475.0,590.0,-0.15235,0.14034,-0.97831,-0.27724,0.13428,-0.95137,5.891,6.184
1039884618,2024/04/08,468.0,594.0,471.0,603.0,465.0,585.0,-0.15145,0.14032,-0.97845,-0.28076,0.13263,-0.95057,5.89,6.187
1039901273,2024/04/08,474.0,597.0,482.0,610.0,466.0,584.0,-0.1483,0.14257,-0.97861,-0.28087,0.13222,-0.95059,5.864,6.188
1039917928,2024/04/08,472.0,597.0,481.0,607.0,463.0,588.0,-0.14889,0.14154,-0.97867,-0.28222,0.13351,-0.95001,5.862,6.188
1039934583,2024/04/08,474.0,599.0,481.0,608.0,467.0,590.0,-0.14938,0.14216,-0.97851,-0.2813,0.13445,-0.95015,5.859,6.181
1039951237,2024/04/08,470.0,600.0,478.0,609.0,462.0,592.0,-0.15064,0.14275,-0.97823,-0.28319,0.13537,-0.94946,5.856,6.177
1039967892,2024/04/08,464.0,595.0,472.0,605.0,455.0,585.0,-0.15282,0.14161,-0.97805,-0.28543,0.13355,-0.94905,5.868,6.186
1039984546,2024/04/08,466.0,594.0,467.0,607.0,464.0,581.0,-0.15469,0.1425,-0.97763,-0.28315,0.13267,-0.94985,5.87,6.195
1040001200,2024/04/08,467.0,596.0,464.0,602.0,470.0,589.0,-0.15569,0.14087,-0.97771,-0.28154,0.13519,-0.94998,5.864,6.192
1040017855,2024/04/08,468.0,592.0,466.0,600.0,469.0,584.0,-0.15543,0.13985,-0.9779,-0.28201,0.13332,-0.9501,5.859,6.191
1040034510,2024/04/08,465.0,594.0,463.0,609.0,467.0,578.0,-0.15634,0.14265,-0.97735,-0.28289,0.13124,-0.95013,5.839,6.181
1040051164,2024/04/08,465.0,593.0,466.0,609.0,464.0,577.0,-0.15567,0.14243,-0.97749,-0.28403,0.13113,-0.94981,5.827,6.177
1040067819,2024/04/08,468.0,567.0,465.0,584.0,471.0,550.0,-0.15638,0.13458,-0.97848,-0.28255,0.12273,-0.95137,5.83,6.174
1040084474,2024/04/08,475.0,522.0,472.0,543.0,477.0,501.0,-0.15443,0.12186,-0.98046,-0.2815,0.10783,-0.95348,5.814,6.162
1040101128,2024/04/08,476.0,508.0,484.0,528.0,467.0,488.0,-0.15074,0.11701,-0.98162,-0.28484,0.10382,-0.95294,5.811,6.143
1040117782,2024/04/08,473.0,506.0,484.0,523.0,461.0,489.0,-0.15094,0.11526,-0.9818,-0.28664,0.104,-0.95238,5.801,6.127
1040134437,2024/04/08,481.0,504.0,490.0,518.0,471.0,490.0,-0.14915,0.11304,-0.98233,-0.28393,0.1043,-0.95315,5.772,6.111
1040151091,2024/04/08,479.0,505.0,489.0,518.0,470.0,492.0,-0.14976,0.1129,-0.98225,-0.28436,0.10469,-0.95298,5.751,6.102
1040167746,2024/04/08,473.0,507.0,482.0,520.0,465.0,495.0,-0.15222,0.11386,-0.98177,-0.28575,0.10581,-0.95244,5.733,6.071
1040184401,2024/04/08,472.0,508.0,479.0,527.0,465.0,490.0,-0.15317,0.11664,-0.98129,-0.28622,0.10452,-0.95244,5.713,6.047
1040201056,2024/04/08,470.0,510.0,479.0,529.0,461.0,491.0,-0.15319,0.1182,-0.9811,-0.28704,0.10584,-0.95205,5.699,6.011
1040217710,2024/04/08,470.0,510.0,478.0,530.0,462.0,490.0,-0.15356,0.11863,-0.98099,-0.2869,0.10553,-0.95213,5.67,5.991
1040234365,2024/04/08,473.0,508.0,479.0,535.0,468.0,481.0,-0.1524,0.12063,-0.98093,-0.28464,0.10304,-0.95308,5.641,5.964
1040251020,2024/04/08,471.0,507.0,482.0,534.0,460.0,481.0,-0.15101,0.11967,-0.98126,-0.28656,0.10215,-0.9526,5.609,5.931
1040267673,2024/04/08,471.0,503.0,480.0,527.0,462.0,479.0,-0.15103,0.11738,-0.98154,-0.28504,0.1018,-0.95309,5.578,5.9
1040284328,2024/04/08,471.0,502.0,476.0,527.0,466.0,478.0,-0.15145,0.11741,-0.98147,-0.28341,0.10146,-0.95362,5.549,5.863
1040300983,2024/04/08,469.0,506.0,477.0,535.0,461.0,477.0,-0.15007,0.12081,-0.98127,-0.28382,0.10224,-0.95341,5.535,5.842
1040317637,2024/04/08,473.0,506.0,482.0,539.0,465.0,474.0,-0.14785,0.12257,-0.98139,-0.28195,0.10178,-0.95402,5.502,5.806
1040334292,2024/04/08,474.0,498.0,483.0,525.0,466.0,472.0,-0.14695,0.11764,-0.98212,-0.28117,0.10104,-0.95432,5.477,5.775
1040350947,2024/04/08,475.0,502.0,480.0,527.0,471.0,477.0,-0.14728,0.11786,-0.98205,-0.27891,0.10236,-0.95485,5.442,5.737
1040367601,2024/04/08,474.0,500.0,481.0,528.0,468.0,473.0,-0.14558,0.11731,-0.98237,-0.27817,0.10025,-0.95528,5.406,5.686
1040384256,2024/04/08,476.0,499.0,489.0,522.0,464.0,476.0,-0.14237,0.1147,-0.98315,-0.27828,0.10055,-0.95522,5.374,5.63
1040400910,2024/04/08,483.0,513.0,497.0,532.0,470.0,494.0,-0.13947,0.11846,-0.98311,-0.27553,0.10639,-0.95539,5.358,5.658
1040417564,2024/04/08,503.0,515.0,507.0,537.0,498.0,493.0,-0.13642,0.12167,-0.98315,-0.26792,0.10835,-0.95733,5.326,5.624
1040434219,2024/04/08,530.0,502.0,531.0,537.0,528.0,466.0,-0.12828,0.12242,-0.98415,-0.25907,0.10033,-0.96063,5.29,5.585
1040450874,2024/04/08,539.0,498.0,550.0,531.0,528.0,465.0,-0.12167,0.1204,-0.98524,-0.25924,0.10001,-0.96062,5.272,5.556
1040467529,2024/04/08,543.0,500.0,556.0,529.0,529.0,472.0,-0.11959,0.11944,-0.98561,-0.25875,0.10199,-0.96054,5.278,5.526
1040484183,2024/04/08,550.0,500.0,560.0,532.0,540.0,468.0,-0.11807,0.1203,-0.98569,-0.25516,0.10063,-0.96165,5.252,5.505
1040500838,2024/04/08,545.0,511.0,554.0,535.0,537.0,486.0,-0.12049,0.12079,-0.98534,-0.25628,0.10627,-0.96074,5.206,5.507
1040517493,2024/04/08,544.0,510.0,552.0,533.0,535.0,488.0,-0.12122,0.12039,-0.9853,-0.25691,0.10674,-0.96052,5.18,5.484
1040534146,2024/04/08,548.0,504.0,554.0,542.0,543.0,467.0,-0.12083,0.12333,-0.98498,-0.25512,0.10006,-0.96172,5.176,5.433
1040550801,2024/04/08,545.0,505.0,554.0,540.0,537.0,470.0,-0.12112,0.12314,-0.98497,-0.25717,0.10113,-0.96106,5.156,5.411
1040567456,2024/04/08,545.0,506.0,557.0,526.0,533.0,486.0,-0.12024,0.11873,-0.98562,-0.25844,0.10652,-0.96014,5.141,5.432
1040584110,2024/04/08,546.0,506.0,556.0,527.0,536.0,485.0,-0.12066,0.11896,-0.98554,-0.25753,0.10597,-0.96044,5.124,5.413
1040600765,2024/04/08,545.0,500.0,551.0,525.0,538.0,475.0,-0.12212,0.1182,-0.98545,-0.25668,0.1026,-0.96103,5.089,5.346
1040617420,2024/04/08,546.0,496.0,553.0,524.0,539.0,468.0,-0.12143,0.11751,-0.98562,-0.2566,0.09987,-0.96134,5.075,5.334
1040634074,2024/04/08,553.0,509.0,562.0,533.0,545.0,485.0,-0.11788,0.12095,-0.98563,-0.25404,0.10551,-0.96142,5.083,5.359
1040650729,2024/04/08,553.0,512.0,563.0,536.0,544.0,487.0,-0.1173,0.12191,-0.98559,-0.25404,0.10603,-0.96137,5.065,5.343
1040667383,2024/04/08,554.0,512.0,562.0,541.0,546.0,483.0,-0.11657,0.12438,-0.98536,-0.2526,0.10565,-0.96179,5.044,5.336
1040684037,2024/04/08,542.0,510.0,544.0,540.0,540.0,480.0,-0.12181,0.12424,-0.98475,-0.25369,0.10482,-0.96159,5.026,5.325
1040700692,2024/04/08,523.0,493.0,527.0,533.0,520.0,453.0,-0.1265,0.1224,-0.98439,-0.25912,0.09659,-0.961,5.017,5.285
1040717346,2024/04/08,516.0,488.0,521.0,524.0,512.0,452.0,-0.12735,0.1193,-0.98466,-0.26051,0.09589,-0.9607,5.006,5.278
1040734001,2024/04/08,507.0,492.0,512.0,526.0,503.0,457.0,-0.12961,0.11908,-0.98439,-0.26235,0.09711,-0.96007,4.984,5.255
1040750655,2024/04/08,508.0,491.0,509.0,526.0,506.0,456.0,-0.12966,0.11845,-0.98446,-0.26055,0.09636,-0.96064,4.98,5.251
1040767310,2024/04/08,517.0,489.0,524.0,524.0,510.0,454.0,-0.12438,0.11769,-0.98523,-0.25892,0.09565,-0.96115,4.995,5.245
1040783965,2024/04/08,518.0,483.0,529.0,515.0,508.0,451.0,-0.12212,0.11553,-0.98577,-0.25891,0.09545,-0.96117,4.983,5.233
1040800618,2024/04/08,515.0,480.0,522.0,510.0,507.0,450.0,-0.12371,0.11375,-0.98578,-0.25863,0.09559,-0.96124,4.963,5.23
1040817273,2024/04/08,508.0,489.0,516.0,520.0,501.0,457.0,-0.12522,0.11747,-0.98515,-0.25997,0.09806,-0.96062,4.964,5.229
1040833928,2024/04/08,541.0,483.0,587.0,512.0,494.0,455.0,-0.10273,0.11302,-0.98827,-0.26315,0.09518,-0.96005,4.975,5.205
1040850582,2024/04/08,776.0,492.0,745.0,513.0,808.0,472.0,-0.05019,0.11345,-0.99228,-0.16396,0.1026,-0.98112,4.967,5.163
1040867237,2024/04/08,806.0,499.0,802.0,515.0,811.0,482.0,-0.03065,0.11546,-0.99284,-0.16283,0.10707,-0.98083,4.969,5.235
1040883892,2024/04/08,805.0,491.0,806.0,507.0,803.0,476.0,-0.02897,0.113,-0.99317,-0.16526,0.10516,-0.98063,4.984,5.249
1040900546,2024/04/08,809.0,484.0,806.0,503.0,811.0,465.0,-0.02901,0.11179,-0.99331,-0.16283,0.10199,-0.98137,4.974,5.248
1040917201,2024/04/08,811.0,483.0,805.0,506.0,816.0,459.0,-0.0295,0.11342,-0.99311,-0.16141,0.10034,-0.98177,4.972,5.248
1040933855,2024/04/08,810.0,481.0,813.0,509.0,808.0,453.0,-0.02717,0.11392,-0.99312,-0.16423,0.09784,-0.98156,4.985,5.251
1040950509,2024/04/08,807.0,480.0,813.0,509.0,802.0,452.0,-0.02742,0.11346,-0.99316,-0.16627,0.09728,-0.98127,4.989,5.253
1040967164,2024/04/08,806.0,479.0,811.0,507.0,801.0,452.0,-0.02779,0.11288,-0.99322,-0.16666,0.09703,-0.98123,4.984,5.242
1040983819,2024/04/08,809.0,476.0,814.0,502.0,804.0,450.0,-0.0269,0.11094,-0.99346,-0.16559,0.09598,-0.98151,4.993,5.253
1041000474,2024/04/08,811.0,477.0,815.0,502.0,808.0,453.0,-0.02612,0.11146,-0.99343,-0.16383,0.09779,-0.98163,4.992,5.282
1041017128,2024/04/08,815.0,475.0,815.0,499.0,814.0,451.0,-0.02538,0.11095,-0.9935,-0.16128,0.09736,-0.9821,4.999,5.287
1041033783,2024/04/08,811.0,472.0,812.0,501.0,810.0,443.0,-0.02591,0.11233,-0.99333,-0.16213,0.09526,-0.98216,5.016,5.279
1041050438,2024/04/08,812.0,470.0,813.0,500.0,811.0,440.0,-0.0251,0.11164,-0.99343,-0.1612,0.09426,-0.98241,5.019,5.289
1041067092,2024/04/08,814.0,478.0,810.0,503.0,818.0,453.0,-0.02546,0.11285,-0.99329,-0.15828,0.09843,-0.98248,5.031,5.342
1041083746,2024/04/08,832.0,480.0,829.0,501.0,835.0,460.0,-0.01821,0.11192,-0.99355,-0.15186,0.1009,-0.98324,5.034,5.35
1041100401,2024/04/08,871.0,470.0,868.0,488.0,874.0,451.0,-0.00438,0.10732,-0.99421,-0.13872,0.09803,-0.98547,5.041,5.329
1041117055,2024/04/08,887.0,470.0,888.0,493.0,887.0,447.0,0.00269,0.10884,-0.99406,-0.13408,0.09676,-0.98624,5.048,5.343
1041133710,2024/04/08,881.0,468.0,882.0,499.0,879.0,437.0,0.00044,0.111,-0.99382,-0.13642,0.09365,-0.98621,4.959,5.354
1041150365,2024/04/08,880.0,466.0,878.0,495.0,882.0,436.0,-0.0008,0.10999,-0.99393,-0.13521,0.09381,-0.98637,4.993,5.363
1041167019,2024/04/08,888.0,464.0,892.0,485.0,885.0,442.0,0.00403,0.10659,-0.99429,-0.13377,0.09621,-0.98633,5.103,5.376
1041183674,2024/04/08,892.0,462.0,898.0,484.0,885.0,440.0,0.00758,0.10677,-0.99426,-0.13262,0.0963,-0.98648,5.112,5.393
1041200329,2024/04/08,887.0,459.0,892.0,486.0,881.0,433.0,0.00581,0.1069,-0.99425,-0.13402,0.09349,-0.98656,5.113,5.406
1041216982,2024/04/08,889.0,458.0,898.0,483.0,879.0,432.0,0.00782,0.10618,-0.99432,-0.1348,0.09331,-0.98647,5.136,5.424
1041233637,2024/04/08,882.0,449.0,894.0,479.0,870.0,419.0,0.00664,0.10507,-0.99444,-0.13787,0.08926,-0.98642,5.145,5.453
1041250292,2024/04/08,782.0,440.0,786.0,478.0,778.0,403.0,-0.02946,0.10329,-0.99421,-0.16765,0.08234,-0.9824,5.171,5.481
1041266947,2024/04/08,693.0,442.0,694.0,485.0,692.0,399.0,-0.05966,0.10628,-0.99255,-0.19482,0.08116,-0.97747,5.105,5.439
1041283601,2024/04/08,526.0,454.0,536.0,486.0,515.0,421.0,-0.11079,0.10826,-0.98793,-0.24859,0.08971,-0.96445,5.102,5.456
1041300256,2024/04/08,530.0,455.0,548.0,490.0,511.0,419.0,-0.10704,0.10952,-0.9882,-0.2501,0.08913,-0.96411,5.22,5.518
1041316911,2024/04/08,529.0,446.0,548.0,482.0,510.0,410.0,-0.10735,0.10623,-0.98853,-0.25081,0.0851,-0.96429,5.262,5.553
1041333565,2024/04/08,539.0,448.0,552.0,484.0,527.0,412.0,-0.10542,0.10649,-0.98871,-0.24517,0.08576,-0.96568,5.276,5.576
1041350219,2024/04/08,538.0,449.0,555.0,483.0,521.0,415.0,-0.1041,0.10567,-0.98894,-0.2465,0.08618,-0.9653,5.299,5.596
1041366874,2024/04/08,528.0,446.0,555.0,476.0,501.0,415.0,-0.10379,0.1035,-0.9892,-0.25228,0.08636,-0.96379,5.334,5.604
1041383528,2024/04/08,527.0,443.0,551.0,474.0,503.0,413.0,-0.10462,0.10307,-0.98916,-0.25156,0.08588,-0.96402,5.356,5.626
1041400183,2024/04/08,530.0,439.0,548.0,472.0,511.0,405.0,-0.10487,0.10291,-0.98915,-0.24854,0.08388,-0.96498,5.365,5.653
1041416838,2024/04/08,531.0,442.0,551.0,479.0,510.0,405.0,-0.10341,0.10496,-0.98909,-0.24835,0.08382,-0.96504,5.395,5.677
1041433492,2024/04/08,523.0,443.0,543.0,478.0,504.0,408.0,-0.1055,0.10435,-0.98893,-0.24981,0.08483,-0.96457,5.402,5.704
1041450147,2024/04/08,526.0,439.0,543.0,468.0,508.0,409.0,-0.10478,0.10088,-0.98937,-0.24794,0.08468,-0.96507,5.427,5.729
1041466802,2024/04/08,528.0,440.0,548.0,474.0,508.0,406.0,-0.10257,0.10258,-0.98942,-0.24746,0.0837,-0.96528,5.456,5.755
1041483455,2024/04/08,511.0,443.0,529.0,479.0,492.0,408.0,-0.10848,0.10358,-0.98869,-0.2522,0.08365,-0.96405,5.481,5.774
1041500110,2024/04/08,487.0,449.0,508.0,480.0,466.0,418.0,-0.1148,0.10377,-0.98795,-0.25937,0.08688,-0.96186,5.487,5.784
1041516765,2024/04/08,473.0,461.0,501.0,493.0,445.0,429.0,-0.11642,0.10869,-0.98724,-0.26502,0.09095,-0.95994,5.496,5.792
1041533420,2024/04/08,469.0,460.0,501.0,493.0,438.0,427.0,-0.11548,0.10824,-0.98739,-0.26661,0.09012,-0.95958,5.515,5.766
1041550074,2024/04/08,469.0,456.0,500.0,489.0,437.0,422.0,-0.11526,0.10708,-0.98755,-0.26586,0.08897,-0.9599,5.542,5.814
1041566729,2024/04/08,473.0,456.0,497.0,485.0,448.0,428.0,-0.11559,0.10533,-0.9877,-0.26206,0.09065,-0.96078,5.567,5.854
1041583384,2024/04/08,473.0,456.0,498.0,485.0,447.0,427.0,-0.11499,0.10564,-0.98773,-0.26205,0.09076,-0.96078,5.584,5.873
1041600037,2024/04/08,467.0,457.0,497.0,493.0,436.0,421.0,-0.11473,0.10747,-0.98757,-0.26495,0.0874,-0.96029,5.585,5.852
1041616692,2024/04/08,466.0,458.0,492.0,499.0,439.0,418.0,-0.11616,0.10974,-0.98715,-0.26361,0.08696,-0.9607,5.596,5.885
1041633347,2024/04/08,473.0,465.0,494.0,498.0,452.0,432.0,-0.11575,0.11011,-0.98716,-0.25974,0.09213,-0.96127,5.608,5.92
1041650001,2024/04/08,472.0,467.0,492.0,499.0,453.0,434.0,-0.11624,0.11114,-0.98698,-0.25956,0.0939,-0.96115,5.617,5.928
1041666656,2024/04/08,470.0,463.0,489.0,497.0,452.0,430.0,-0.11709,0.11054,-0.98695,-0.25983,0.09249,-0.96121,5.619,5.93
1041683311,2024/04/08,467.0,464.0,486.0,499.0,448.0,429.0,-0.11771,0.11103,-0.98682,-0.26075,0.09226,-0.96099,5.624,5.939
1041699965,2024/04/08,459.0,460.0,484.0,499.0,434.0,422.0,-0.1178,0.11056,-0.98686,-0.26416,0.08953,-0.96032,5.621,5.919
1041716620,2024/04/08,463.0,460.0,483.0,497.0,443.0,423.0,-0.11802,0.11012,-0.98689,-0.26092,0.08997,-0.96116,5.627,5.925
1041733274,2024/04/08,462.0,465.0,477.0,497.0,448.0,433.0,-0.12026,0.11015,-0.98661,-0.25922,0.09301,-0.96133,5.641,5.952
1041749928,2024/04/08,446.0,453.0,460.0,481.0,432.0,425.0,-0.12637,0.10474,-0.98644,-0.26498,0.09057,-0.95999,5.638,5.95
1041766583,2024/04/08,434.0,449.0,452.0,479.0,417.0,420.0,-0.12944,0.10382,-0.98614,-0.27023,0.08856,-0.95871,5.638,5.951
1041783238,2024/04/08,438.0,456.0,455.0,482.0,421.0,430.0,-0.12854,0.10462,-0.98617,-0.26924,0.0918,-0.95869,5.633,5.938
1041799893,2024/04/08,440.0,457.0,457.0,484.0,424.0,430.0,-0.12797,0.10473,-0.98623,-0.26854,0.0911,-0.95895,5.623,5.933
1041816547,2024/04/08,441.0,454.0,455.0,487.0,426.0,421.0,-0.12844,0.10529,-0.98611,-0.26803,0.08788,-0.95939,5.621,5.934
1041833202,2024/04/08,443.0,455.0,460.0,487.0,426.0,424.0,-0.12685,0.10501,-0.98635,-0.26793,0.08827,-0.95939,5.628,5.931
1041849857,2024/04/08,444.0,463.0,461.0,490.0,426.0,436.0,-0.12661,0.10583,-0.98629,-0.26823,0.09216,-0.95894,5.624,5.923
1041866510,2024/04/08,446.0,463.0,459.0,491.0,433.0,436.0,-0.1274,0.10621,-0.98615,-0.26613,0.0921,-0.95953,5.617,5.913
1041883165,2024/04/08,447.0,459.0,461.0,489.0,433.0,429.0,-0.12668,0.10569,-0.9863,-0.266,0.09004,-0.95976,5.611,5.908
1041899820,2024/04/08,449.0,461.0,469.0,488.0,429.0,433.0,-0.1239,0.10527,-0.98669,-0.26716,0.09113,-0.95934,5.607,5.893
1041916474,2024/04/08,448.0,463.0,465.0,490.0,431.0,436.0,-0.12537,0.10538,-0.9865,-0.2665,0.09143,-0.95949,5.601,5.884
1041933129,2024/04/08,446.0,462.0,461.0,492.0,431.0,432.0,-0.12665,0.10552,-0.98632,-0.26633,0.08954,-0.95971,5.596,5.89
1041949784,2024/04/08,448.0,462.0,466.0,494.0,429.0,431.0,-0.12478,0.10563,-0.98655,-0.26677,0.08874,-0.95967,5.591,5.881
1041966438,2024/04/08,448.0,467.0,460.0,496.0,435.0,438.0,-0.12684,0.10589,-0.98626,-0.26501,0.0906,-0.95998,5.572,5.869
1041983093,2024/04/08,452.0,465.0,461.0,494.0,442.0,435.0,-0.12653,0.10516,-0.98637,-0.26295,0.08976,-0.96063,5.565,5.857
1041999747,2024/04/08,455.0,460.0,464.0,489.0,445.0,430.0,-0.12583,0.10309,-0.98668,-0.26231,0.08744,-0.96101,5.561,5.837
1042016401,2024/04/08,453.0,465.0,461.0,495.0,445.0,436.0,-0.12697,0.10477,-0.98636,-0.26214,0.08964,-0.96086,5.548,5.825
1042033056,2024/04/08,456.0,468.0,466.0,498.0,446.0,438.0,-0.12526,0.10569,-0.98648,-0.26167,0.09001,-0.96095,5.552,5.814
1042049711,2024/04/08,457.0,467.0,466.0,501.0,448.0,434.0,-0.12541,0.10631,-0.98639,-0.26113,0.08844,-0.96124,5.551,5.809
1042066366,2024/04/08,456.0,468.0,462.0,507.0,449.0,428.0,-0.12687,0.10805,-0.98602,-0.26079,0.08609,-0.96155,5.551,5.814
1042083020,2024/04/08,455.0,468.0,462.0,506.0,447.0,430.0,-0.12691,0.10743,-0.98608,-0.26149,0.08644,-0.96133,5.547,5.809
1042099675,2024/04/08,456.0,471.0,466.0,505.0,445.0,438.0,-0.12562,0.10696,-0.9863,-0.26238,0.08889,-0.96086,5.539,5.803
1042116330,2024/04/08,458.0,472.0,464.0,509.0,452.0,434.0,-0.12662,0.1084,-0.98601,-0.26012,0.08784,-0.96157,5.536,5.801
1042132983,2024/04/08,457.0,473.0,460.0,510.0,453.0,436.0,-0.12805,0.10854,-0.98581,-0.2601,0.08836,-0.96153,5.543,5.791
1042149638,2024/04/08,456.0,475.0,459.0,509.0,452.0,441.0,-0.12867,0.10793,-0.9858,-0.26055,0.08966,-0.96129,5.541,5.79
1042166293,2024/04/08,457.0,469.0,465.0,505.0,450.0,434.0,-0.12622,0.1057,-0.98635,-0.26014,0.08619,-0.96172,5.534,5.764
1042182947,2024/04/08,451.0,470.0,467.0,508.0,435.0,432.0,-0.12583,0.10656,-0.98631,-0.26436,0.08499,-0.96067,5.534,5.762
1042199602,2024/04/08,456.0,480.0,462.0,516.0,450.0,443.0,-0.1281,0.10933,-0.98572,-0.26005,0.08884,-0.9615,5.557,5.81
1042216257,2024/04/08,458.0,476.0,463.0,510.0,454.0,443.0,-0.12905,0.10722,-0.98582,-0.26028,0.08899,-0.96142,5.561,5.819
1042232911,2024/04/08,457.0,470.0,465.0,499.0,450.0,441.0,-0.12895,0.10336,-0.98625,-0.26234,0.08821,-0.96094,5.547,5.816
1042249566,2024/04/08,459.0,471.0,466.0,497.0,451.0,444.0,-0.12893,0.10296,-0.98629,-0.26231,0.08934,-0.96084,5.548,5.816
1042266221,2024/04/08,464.0,474.0,472.0,504.0,456.0,445.0,-0.12757,0.10517,-0.98624,-0.26151,0.08949,-0.96104,5.542,5.82
1042282874,2024/04/08,461.0,472.0,469.0,503.0,453.0,440.0,-0.12879,0.10485,-0.98611,-0.26273,0.08778,-0.96087,5.541,5.826
1042299529,2024/04/08,457.0,465.0,467.0,495.0,447.0,436.0,-0.12988,0.10162,-0.98631,-0.26502,0.08612,-0.96039,5.545,5.824
1042316184,2024/04/08,458.0,468.0,469.0,496.0,448.0,440.0,-0.12984,0.10199,-0.98628,-0.26516,0.08696,-0.96027,5.543,5.83
1042332839,2024/04/08,463.0,469.0,467.0,501.0,460.0,437.0,-0.1308,0.10403,-0.98594,-0.2617,0.08625,-0.96129,5.538,5.831
1042349493,2024/04/08,462.0,468.0,466.0,503.0,458.0,433.0,-0.13116,0.10452,-0.98584,-0.2626,0.08516,-0.96114,5.54,5.836
1042366148,2024/04/08,462.0,469.0,470.0,498.0,454.0,440.0,-0.1303,0.10323,-0.98609,-0.26372,0.0875,-0.96062,5.552,5.843
1042382802,2024/04/08,467.0,467.0,478.0,493.0,456.0,440.0,-0.12784,0.10157,-0.98658,-0.26333,0.08749,-0.96073,5.556,5.853
1042399456,2024/04/08,459.0,461.0,470.0,489.0,448.0,433.0,-0.13059,0.10009,-0.98637,-0.26623,0.08467,-0.96018,5.569,5.861
1042416110,2024/04/08,452.0,460.0,462.0,488.0,442.0,432.0,-0.1335,0.09974,-0.98602,-0.26834,0.08412,-0.95964,5.578,5.867
1042432765,2024/04/08,452.0,464.0,464.0,493.0,439.0,435.0,-0.133,0.10119,-0.98594,-0.26921,0.08493,-0.95933,5.583,5.862
1042449419,2024/04/08,454.0,464.0,464.0,489.0,445.0,439.0,-0.13329,0.0999,-0.98603,-0.26777,0.08603,-0.95963,5.596,5.862
1042466074,2024/04/08,458.0,468.0,460.0,489.0,455.0,446.0,-0.1345,0.09989,-0.98587,-0.26482,0.08827,-0.96025,5.604,5.877
1042482729,2024/04/08,455.0,466.0,459.0,492.0,451.0,441.0,-0.13521,0.10102,-0.98565,-0.26627,0.08654,-0.96001,5.605,5.891
1042499383,2024/04/08,455.0,464.0,464.0,489.0,447.0,438.0,-0.13315,0.10052,-0.98598,-0.26715,0.08623,-0.95979,5.602,5.899
1042516038,2024/04/08,457.0,463.0,465.0,486.0,449.0,441.0,-0.13275,0.09954,-0.98614,-0.26629,0.08711,-0.95995,5.613,5.91
1042532693,2024/04/08,457.0,463.0,462.0,488.0,451.0,438.0,-0.13325,0.10008,-0.98602,-0.26535,0.08622,-0.96029,5.629,5.923
1042549346,2024/04/08,457.0,462.0,462.0,488.0,453.0,437.0,-0.13307,0.09978,-0.98607,-0.26457,0.08565,-0.96055,5.64,5.935
1042566001,2024/04/08,455.0,469.0,461.0,493.0,448.0,445.0,-0.13293,0.10151,-0.98591,-0.26564,0.08809,-0.96004,5.638,5.951
1042582656,2024/04/08,476.0,487.0,489.0,511.0,462.0,463.0,-0.12333,0.10796,-0.98648,-0.26089,0.09427,-0.96075,5.646,5.961
1042599311,2024/04/08,499.0,511.0,505.0,536.0,493.0,487.0,-0.1177,0.11646,-0.9862,-0.25114,0.10268,-0.96249,5.653,5.966
1042615965,2024/04/08,506.0,527.0,512.0,550.0,500.0,503.0,-0.11529,0.1214,-0.98589,-0.24879,0.10794,-0.96252,5.674,5.99
1042632620,2024/04/08,500.0,522.0,508.0,544.0,493.0,500.0,-0.11687,0.11912,-0.98598,-0.25117,0.1069,-0.96202,5.612,6.003
1042649275,2024/04/08,498.0,522.0,505.0,541.0,492.0,503.0,-0.11837,0.11803,-0.98593,-0.25144,0.10793,-0.96184,5.621,6.012
1042665929,2024/04/08,503.0,524.0,514.0,541.0,491.0,507.0,-0.11431,0.11832,-0.98637,-0.25078,0.10968,-0.96181,5.689,6.023
1042682583,2024/04/08,499.0,524.0,512.0,544.0,486.0,504.0,-0.11478,0.11949,-0.98618,-0.25238,0.10842,-0.96154,5.698,6.033
1042699238,2024/04/08,496.0,520.0,510.0,540.0,483.0,500.0,-0.1152,0.11845,-0.98626,-0.25345,0.10759,-0.96135,5.713,6.041
1042715892,2024/04/08,499.0,518.0,512.0,536.0,487.0,501.0,-0.11452,0.11766,-0.98643,-0.25216,0.10871,-0.96156,5.724,6.051
1042732547,2024/04/08,501.0,522.0,510.0,539.0,492.0,505.0,-0.1151,0.11915,-0.98618,-0.25048,0.11037,-0.96181,5.728,6.064
1042749202,2024/04/08,502.0,523.0,515.0,538.0,488.0,507.0,-0.11338,0.11886,-0.98642,-0.2516,0.11105,-0.96144,5.737,6.075
1042765856,2024/04/08,507.0,528.0,524.0,543.0,489.0,513.0,-0.11028,0.12039,-0.98658,-0.25132,0.11305,-0.96128,5.751,6.085
1042782511,2024/04/08,508.0,529.0,520.0,542.0,495.0,515.0,-0.11177,0.12021,-0.98644,-0.24937,0.11372,-0.96171,5.762,6.091
1042799166,2024/04/08,489.0,520.0,500.0,537.0,477.0,503.0,-0.11792,0.11859,-0.98592,-0.2548,0.10996,-0.96072,5.762,6.097
1042815819,2024/04/08,478.0,515.0,485.0,536.0,472.0,494.0,-0.12294,0.11884,-0.98527,-0.25637,0.10733,-0.9606,5.77,6.107
1042832474,2024/04/08,476.0,510.0,481.0,527.0,472.0,493.0,-0.12439,0.11596,-0.98543,-0.2565,0.10746,-0.96055,5.773,6.12
1042849129,2024/04/08,474.0,515.0,484.0,528.0,463.0,503.0,-0.12344,0.1162,-0.98553,-0.25925,0.11052,-0.95947,5.778,6.124
1042865784,2024/04/08,471.0,518.0,485.0,529.0,457.0,507.0,-0.12358,0.11678,-0.98544,-0.26184,0.11218,-0.95857,5.787,6.097
1042882438,2024/04/08,479.0,517.0,486.0,534.0,472.0,501.0,-0.12281,0.11825,-0.98536,-0.25701,0.11017,-0.96011,5.793,6.1
1042899093,2024/04/08,482.0,520.0,487.0,533.0,477.0,508.0,-0.12173,0.11887,-0.98542,-0.25464,0.11354,-0.96035,5.796,6.132
1042915748,2024/04/08,478.0,518.0,481.0,529.0,476.0,506.0,-0.12447,0.11691,-0.98531,-0.25541,0.11241,-0.96028,5.801,6.134
1042932402,2024/04/08,476.0,514.0,479.0,532.0,474.0,497.0,-0.12477,0.1184,-0.9851,-0.25603,0.10964,-0.96043,5.804,6.14
1042949056,2024/04/08,479.0,515.0,483.0,527.0,475.0,503.0,-0.12338,0.11676,-0.98547,-0.25538,0.1119,-0.96034,5.809,6.142
1042965711,2024/04/08,486.0,518.0,487.0,528.0,485.0,508.0,-0.12194,0.11756,-0.98555,-0.25217,0.1142,-0.96092,5.809,6.146
1042982365,2024/04/08,487.0,520.0,489.0,529.0,486.0,510.0,-0.12094,0.11826,-0.98559,-0.2517,0.11516,-0.96093,5.815,6.146
1042999020,2024/04/08,485.0,524.0,493.0,530.0,478.0,518.0,-0.11925,0.11881,-0.98573,-0.25384,0.11778,-0.96005,5.818,6.141
1043015675,2024/04/08,484.0,527.0,490.0,535.0,478.0,518.0,-0.11979,0.1203,-0.98548,-0.25349,0.11809,-0.9601,5.829,6.147
1043032329,2024/04/08,488.0,528.0,494.0,540.0,481.0,516.0,-0.11812,0.12179,-0.9855,-0.25224,0.11746,-0.96051,5.836,6.162
1043048984,2024/04/08,487.0,527.0,494.0,537.0,479.0,516.0,-0.11786,0.12133,-0.98559,-0.25237,0.11787,-0.96042,5.84,6.163
1043065639,2024/04/08,485.0,524.0,491.0,535.0,479.0,512.0,-0.11849,0.12109,-0.98554,-0.25227,0.11706,-0.96055,5.85,6.163
1043082292,2024/04/08,486.0,523.0,492.0,535.0,480.0,512.0,-0.11788,0.12144,-0.98557,-0.25186,0.11744,-0.96061,5.853,6.17
1043098947,2024/04/08,484.0,521.0,485.0,537.0,482.0,506.0,-0.12002,0.12228,-0.98521,-0.25092,0.11571,-0.96107,5.852,6.18
1043115602,2024/04/08,482.0,521.0,484.0,539.0,479.0,504.0,-0.12033,0.12271,-0.98512,-0.25174,0.11509,-0.96093,5.849,6.177
1043132257,2024/04/08,482.0,520.0,486.0,532.0,478.0,509.0,-0.1195,0.12032,-0.98552,-0.25208,0.11665,-0.96065,5.851,6.172
1043148911,2024/04/08,477.0,523.0,482.0,535.0,473.0,511.0,-0.12087,0.12132,-0.98523,-0.2533,0.11721,-0.96026,5.849,6.172
1043165566,2024/04/08,456.0,535.0,464.0,550.0,448.0,519.0,-0.12628,0.12648,-0.9839,-0.26065,0.11992,-0.95796,5.832,6.162
1043182221,2024/04/08,444.0,544.0,459.0,557.0,428.0,532.0,-0.12755,0.12893,-0.98342,-0.26626,0.12394,-0.9559,5.817,6.157
1043198875,2024/04/08,444.0,543.0,458.0,556.0,430.0,529.0,-0.12791,0.1287,-0.9834,-0.26577,0.12314,-0.95614,5.808,6.15
1043215529,2024/04/08,447.0,542.0,460.0,560.0,435.0,524.0,-0.12753,0.12977,-0.98331,-0.2643,0.12137,-0.95677,5.8,6.149
1043232184,2024/04/08,449.0,547.0,462.0,560.0,436.0,533.0,-0.1271,0.12959,-0.98339,-0.26416,0.12418,-0.95645,5.793,6.141
1043248838,2024/04/08,448.0,549.0,460.0,558.0,436.0,540.0,-0.12773,0.12888,-0.9834,-0.26431,0.12596,-0.95618,5.778,6.131
1043265493,2024/04/08,450.0,547.0,461.0,557.0,438.0,537.0,-0.1277,0.1281,-0.98351,-0.26389,0.12497,-0.95642,5.769,6.121
1043282148,2024/04/08,446.0,546.0,457.0,560.0,435.0,533.0,-0.12912,0.1292,-0.98318,-0.26507,0.12344,-0.95629,5.752,6.109
1043298802,2024/04/08,449.0,552.0,458.0,565.0,440.0,539.0,-0.12898,0.13083,-0.98298,-0.26344,0.12554,-0.95647,5.746,6.103
1043315457,2024/04/08,453.0,556.0,459.0,568.0,446.0,545.0,-0.12859,0.1319,-0.98289,-0.26158,0.12773,-0.95669,5.738,6.098
1043332112,2024/04/08,454.0,550.0,462.0,564.0,446.0,536.0,-0.12793,0.13084,-0.98311,-0.2618,0.12499,-0.957,5.732,6.088
1043348765,2024/04/08,454.0,546.0,464.0,560.0,444.0,532.0,-0.12754,0.12973,-0.98331,-0.26262,0.12352,-0.95696,5.728,6.089
1043365420,2024/04/08,455.0,550.0,466.0,563.0,444.0,537.0,-0.12668,0.13079,-0.98328,-0.26261,0.12528,-0.95674,5.723,6.09
1043382075,2024/04/08,454.0,550.0,465.0,561.0,443.0,539.0,-0.12721,0.13008,-0.98331,-0.26314,0.1258,-0.95652,5.719,6.088
1043398730,2024/04/08,454.0,553.0,467.0,561.0,441.0,546.0,-0.12664,0.12988,-0.98341,-0.26363,0.12779,-0.95612,5.714,6.084
1043415384,2024/04/08,454.0,556.0,464.0,569.0,443.0,543.0,-0.12742,0.13257,-0.98295,-0.26299,0.12704,-0.9564,5.713,6.081
1043432039,2024/04/08,453.0,551.0,465.0,570.0,442.0,532.0,-0.12736,0.13287,-0.98292,-0.26328,0.12344,-0.95679,5.714,6.078
1043448694,2024/04/08,454.0,550.0,464.0,570.0,444.0,530.0,-0.12761,0.13307,-0.98286,-0.26279,0.12278,-0.95701,5.714,6.082
1043465348,2024/04/08,453.0,553.0,463.0,575.0,444.0,530.0,-0.12803,0.13468,-0.98258,-0.2628,0.12287,-0.95699,5.709,6.086
1043482002,2024/04/08,452.0,552.0,462.0,572.0,441.0,532.0,-0.12833,0.13364,-0.98269,-0.26347,0.12332,-0.95675,5.714,6.087
1043498657,2024/04/08,454.0,549.0,469.0,565.0,439.0,533.0,-0.12608,0.13178,-0.98323,-0.26429,0.12374,-0.95647,5.713,6.097
1043515311,2024/04/08,458.0,549.0,472.0,563.0,445.0,535.0,-0.1253,0.13124,-0.9834,-0.26261,0.12475,-0.9568,5.715,6.096
1043531966,2024/04/08,455.0,551.0,463.0,568.0,446.0,534.0,-0.12809,0.13306,-0.9828,-0.26229,0.12477,-0.95689,5.728,6.092
1043548621,2024/04/08,451.0,551.0,462.0,572.0,440.0,531.0,-0.12854,0.13411,-0.98259,-0.26432,0.12321,-0.95653,5.732,6.092
1043565275,2024/04/08,444.0,550.0,452.0,572.0,436.0,528.0,-0.13209,0.13372,-0.98218,-0.26542,0.12203,-0.95638,5.673,6.087
1043581930,2024/04/08,446.0,555.0,448.0,573.0,444.0,536.0,-0.13341,0.13395,-0.98197,-0.26298,0.12425,-0.95677,5.676,6.082
1043598585,2024/04/08,455.0,558.0,460.0,569.0,451.0,546.0,-0.12955,0.13231,-0.9827,-0.26068,0.12758,-0.95696,5.736,6.079
1043615239,2024/04/08,453.0,561.0,458.0,577.0,448.0,546.0,-0.13018,0.13561,-0.98217,-0.26147,0.12818,-0.95666,5.738,6.076
1043631893,2024/04/08,454.0,562.0,460.0,575.0,449.0,549.0,-0.12947,0.13561,-0.98227,-0.26108,0.12955,-0.95658,5.747,6.077
1043648548,2024/04/08,450.0,560.0,458.0,569.0,442.0,551.0,-0.12984,0.13407,-0.98243,-0.26292,0.13055,-0.95594,5.756,6.079
1043665203,2024/04/08,451.0,557.0,460.0,569.0,443.0,545.0,-0.12899,0.13408,-0.98254,-0.26263,0.12887,-0.95625,5.759,6.078
1043681857,2024/04/08,454.0,554.0,464.0,569.0,445.0,539.0,-0.12761,0.13459,-0.98265,-0.26179,0.12724,-0.9567,5.77,6.087
1043698512,2024/04/08,456.0,556.0,465.0,569.0,446.0,544.0,-0.12685,0.13502,-0.98269,-0.26125,0.12908,-0.9566,5.782,6.093
1043715167,2024/04/08,453.0,554.0,462.0,564.0,443.0,543.0,-0.12769,0.13368,-0.98276,-0.2619,0.1294,-0.95638,5.794,6.098
1043731821,2024/04/08,441.0,553.0,450.0,563.0,433.0,542.0,-0.13154,0.13375,-0.98225,-0.26483,0.12934,-0.95558,5.803,6.109
1043748476,2024/04/08,454.0,531.0,462.0,537.0,446.0,525.0,-0.12763,0.12574,-0.98382,-0.2607,0.12451,-0.95736,5.81,6.106
1043765130,2024/04/08,475.0,491.0,478.0,503.0,471.0,479.0,-0.12206,0.11498,-0.98584,-0.25344,0.1101,-0.96107,5.812,6.115
1043781784,2024/04/08,480.0,472.0,488.0,486.0,472.0,457.0,-0.11869,0.10949,-0.98688,-0.25305,0.10325,-0.96193,5.825,6.116
1043798439,2024/04/08,473.0,475.0,488.0,489.0,459.0,462.0,-0.1188,0.11035,-0.98677,-0.25685,0.10441,-0.9608,5.828,6.117
1043815094,2024/04/08,473.0,481.0,485.0,498.0,462.0,463.0,-0.11944,0.11347,-0.98634,-0.25597,0.10526,-0.96094,5.825,6.123
1043831748,2024/04/08,475.0,480.0,484.0,497.0,466.0,463.0,-0.12007,0.11309,-0.9863,-0.25493,0.10491,-0.96125,5.833,6.123
1043848403,2024/04/08,475.0,482.0,483.0,497.0,468.0,466.0,-0.12071,0.11358,-0.98617,-0.25431,0.10655,-0.96124,5.824,6.115
1043865058,2024/04/08,474.0,486.0,485.0,501.0,464.0,471.0,-0.12067,0.1146,-0.98605,-0.25619,0.10776,-0.9606,5.813,6.107
1043881712,2024/04/08,473.0,488.0,482.0,505.0,465.0,471.0,-0.12201,0.11609,-0.98572,-0.25618,0.10813,-0.96056,5.805,6.105
1043898366,2024/04/08,474.0,489.0,480.0,508.0,467.0,470.0,-0.12341,0.11714,-0.98542,-0.25622,0.10738,-0.96064,5.796,6.104
1043915021,2024/04/08,472.0,489.0,479.0,508.0,465.0,471.0,-0.12423,0.11709,-0.98532,-0.25726,0.10777,-0.96031,5.79,6.101
1043931676,2024/04/08,477.0,487.0,485.0,505.0,469.0,469.0,-0.1231,0.11655,-0.98553,-0.25691,0.10723,-0.96047,5.79,6.097
1043948330,2024/04/08,482.0,483.0,492.0,501.0,472.0,465.0,-0.12154,0.11554,-0.98584,-0.25647,0.10626,-0.96069,5.789,6.089
1043964985,2024/04/08,476.0,491.0,480.0,506.0,473.0,476.0,-0.1274,0.11697,-0.98493,-0.25775,0.10966,-0.95997,5.724,6.076
1043981640,2024/04/08,473.0,489.0,473.0,510.0,473.0,467.0,-0.13,0.11831,-0.98443,-0.2578,0.10677,-0.96028,5.72,6.072
1043998294,2024/04/08,475.0,484.0,473.0,510.0,477.0,458.0,-0.12969,0.11856,-0.98444,-0.25664,0.10392,-0.9609,5.72,6.083
1044014949,2024/04/08,480.0,469.0,nan,nan,480.0,469.0,nan,nan,nan,-0.25637,0.10725,-0.96061,nan,6.09
1044031603,2024/04/08,481.0,477.0,nan,nan,481.0,477.0,nan,nan,nan,-0.25608,0.10936,-0.96045,nan,6.092
1044048257,2024/04/08,479.0,494.0,482.0,513.0,476.0,476.0,-0.12825,0.11938,-0.98453,-0.25805,0.10961,-0.95989,5.706,6.092
1044064912,2024/04/08,480.0,486.0,488.0,504.0,472.0,468.0,-0.12667,0.11677,-0.98505,-0.25949,0.10673,-0.95983,5.77,6.089
1044081567,2024/04/08,479.0,488.0,483.0,509.0,475.0,467.0,-0.12843,0.11856,-0.98461,-0.25888,0.10657,-0.96001,5.764,6.087
1044098221,2024/04/08,480.0,491.0,487.0,510.0,472.0,471.0,-0.12672,0.11902,-0.98477,-0.25931,0.10738,-0.95981,5.758,6.048
1044114876,2024/04/08,482.0,492.0,491.0,508.0,472.0,475.0,-0.12586,0.11834,-0.98496,-0.2593,0.10871,-0.95966,5.759,6.035
1044131531,2024/04/08,480.0,495.0,486.0,509.0,474.0,482.0,-0.12843,0.11851,-0.98461,-0.25954,0.11051,-0.95939,5.764,6.083
1044148185,2024/04/08,487.0,497.0,490.0,511.0,483.0,483.0,-0.12737,0.11917,-0.98467,-0.25724,0.1109,-0.95996,5.765,6.08
1044164839,2024/04/08,517.0,517.0,489.0,521.0,545.0,514.0,-0.12902,0.12156,-0.98416,-0.23917,0.12033,-0.96349,5.699,6.09
1044181494,2024/04/08,599.0,585.0,599.0,607.0,599.0,563.0,-0.09313,0.14978,-0.98432,-0.22299,0.136,-0.96529,5.706,6.093
1044198149,2024/04/08,610.0,592.0,615.0,602.0,605.0,582.0,-0.08799,0.14872,-0.98496,-0.22107,0.14228,-0.96482,5.756,6.076
1044214803,2024/04/08,613.0,592.0,617.0,600.0,609.0,585.0,-0.0875,0.14828,-0.98507,-0.21984,0.1434,-0.96494,5.752,6.079
1044231458,2024/04/08,608.0,592.0,610.0,604.0,606.0,581.0,-0.09013,0.1495,-0.98465,-0.22138,0.14215,-0.96477,5.749,6.087
1044248113,2024/04/08,603.0,591.0,605.0,607.0,600.0,576.0,-0.09203,0.15044,-0.98433,-0.2235,0.14024,-0.96456,5.742,6.09
1044264767,2024/04/08,603.0,586.0,610.0,600.0,596.0,572.0,-0.09065,0.14833,-0.98477,-0.22492,0.13895,-0.96442,5.744,6.094
1044281422,2024/04/08,609.0,586.0,612.0,595.0,605.0,576.0,-0.09017,0.14651,-0.98509,-0.22243,0.14013,-0.96483,5.744,6.093
1044298076,2024/04/08,605.0,592.0,603.0,600.0,607.0,583.0,-0.09364,0.14815,-0.98452,-0.22211,0.14237,-0.96457,5.74,6.091
1044314730,2024/04/08,603.0,591.0,603.0,600.0,604.0,582.0,-0.09412,0.14818,-0.98447,-0.2234,0.14201,-0.96433,5.736,6.09
1044331385,2024/04/08,609.0,588.0,612.0,598.0,607.0,578.0,-0.09091,0.14773,-0.98484,-0.22203,0.1409,-0.96481,5.729,6.043
1044348040,2024/04/08,602.0,594.0,613.0,599.0,590.0,589.0,-0.0903,0.1477,-0.9849,-0.22659,0.1435,-0.96336,5.72,6.037
1044364694,2024/04/08,600.0,592.0,609.0,598.0,592.0,586.0,-0.09194,0.14723,-0.98482,-0.2259,0.14249,-0.96367,5.713,6.075
1044381349,2024/04/08,599.0,590.0,607.0,599.0,591.0,581.0,-0.09342,0.14737,-0.98466,-0.22732,0.14062,-0.96361,5.708,6.075
1044398004,2024/04/08,561.0,584.0,563.0,597.0,559.0,572.0,-0.107,0.14695,-0.98334,-0.2365,0.13812,-0.96176,5.704,6.082
1044414658,2024/04/08,487.0,577.0,484.0,592.0,490.0,563.0,-0.13182,0.14573,-0.9805,-0.25661,0.13529,-0.957,5.704,6.106
1044431312,2024/04/08,461.0,572.0,466.0,583.0,455.0,561.0,-0.13819,0.14259,-0.98009,-0.26748,0.1345,-0.95413,5.723,6.128
1044447967,2024/04/08,459.0,575.0,465.0,585.0,454.0,565.0,-0.13859,0.14371,-0.97987,-0.26815,0.13617,-0.95371,5.726,6.13
1044464622,2024/04/08,455.0,578.0,461.0,589.0,448.0,567.0,-0.13958,0.14465,-0.97959,-0.26946,0.13618,-0.95333,5.718,6.088
1044481276,2024/04/08,461.0,572.0,466.0,585.0,456.0,559.0,-0.13793,0.14274,-0.9801,-0.26681,0.13315,-0.95451,5.72,6.09
1044497931,2024/04/08,461.0,572.0,469.0,585.0,454.0,559.0,-0.13733,0.14256,-0.98021,-0.26735,0.13273,-0.95441,5.725,6.126
1044514586,2024/04/08,461.0,572.0,468.0,586.0,454.0,558.0,-0.13825,0.14348,-0.97995,-0.26822,0.13321,-0.9541,5.724,6.125
1044531240,2024/04/08,463.0,574.0,467.0,587.0,460.0,561.0,-0.13869,0.14399,-0.97981,-0.26661,0.13454,-0.95437,5.721,6.125
1044547895,2024/04/08,462.0,576.0,471.0,588.0,453.0,565.0,-0.13732,0.14426,-0.97996,-0.26875,0.13593,-0.95357,5.728,6.128
1044564549,2024/04/08,457.0,582.0,467.0,593.0,447.0,571.0,-0.13854,0.14598,-0.97954,-0.27042,0.13773,-0.95284,5.731,6.131
1044581203,2024/04/08,459.0,581.0,465.0,591.0,453.0,572.0,-0.1393,0.14474,-0.97961,-0.26884,0.13786,-0.95327,5.735,6.131
1044597858,2024/04/08,461.0,578.0,466.0,584.0,456.0,572.0,-0.13908,0.14219,-0.98002,-0.26782,0.13765,-0.95358,5.742,6.132
1044614513,2024/04/08,477.0,565.0,477.0,570.0,476.0,559.0,-0.13541,0.13804,-0.98113,-0.26191,0.13414,-0.95573,5.743,6.129
1044631167,2024/04/08,509.0,548.0,508.0,555.0,510.0,540.0,-0.1258,0.13332,-0.98306,-0.25225,0.12871,-0.95907,5.746,6.137
1044647822,2024/04/08,526.0,542.0,532.0,549.0,520.0,535.0,-0.11824,0.13144,-0.98425,-0.24948,0.12703,-0.96001,5.762,6.144
1044664477,2024/04/08,522.0,543.0,529.0,549.0,515.0,537.0,-0.11932,0.13097,-0.98418,-0.25114,0.12728,-0.95955,5.765,6.152
1044681131,2024/04/08,527.0,546.0,532.0,556.0,523.0,535.0,-0.11876,0.13367,-0.98389,-0.24886,0.12707,-0.96017,5.766,6.149
1044697785,2024/04/08,532.0,543.0,533.0,557.0,531.0,530.0,-0.11884,0.13354,-0.98389,-0.24706,0.12525,-0.96087,5.767,6.145
1044714440,2024/04/08,531.0,547.0,535.0,559.0,527.0,536.0,-0.11841,0.13438,-0.98383,-0.24826,0.12703,-0.96033,5.77,6.144
1044731095,2024/04/08,538.0,549.0,543.0,557.0,533.0,540.0,-0.11619,0.13359,-0.9842,-0.24682,0.1282,-0.96054,5.78,6.143
1044747749,2024/04/08,537.0,547.0,541.0,554.0,534.0,540.0,-0.11731,0.13257,-0.98421,-0.24684,0.12809,-0.96055,5.787,6.138
1044764404,2024/04/08,534.0,545.0,533.0,552.0,536.0,538.0,-0.12022,0.1316,-0.98399,-0.24641,0.12747,-0.96075,5.799,6.135
1044781059,2024/04/08,538.0,544.0,538.0,553.0,538.0,535.0,-0.11877,0.1317,-0.98415,-0.24617,0.12599,-0.961,5.81,6.14
1044797713,2024/04/08,542.0,547.0,547.0,564.0,537.0,529.0,-0.11616,0.13542,-0.98396,-0.24655,0.12425,-0.96113,5.808,6.155
1044814368,2024/04/08,539.0,549.0,541.0,565.0,537.0,533.0,-0.1185,0.13579,-0.98363,-0.24678,0.12546,-0.96092,5.816,6.157
1044831022,2024/04/08,540.0,543.0,542.0,553.0,538.0,532.0,-0.11781,0.13263,-0.98414,-0.24625,0.12534,-0.96107,5.822,6.151
1044847676,2024/04/08,545.0,542.0,544.0,553.0,547.0,531.0,-0.11748,0.13256,-0.98419,-0.24356,0.12526,-0.96176,5.828,6.152
1044864331,2024/04/08,542.0,550.0,536.0,563.0,547.0,537.0,-0.11967,0.13593,-0.98347,-0.24315,0.12715,-0.96162,5.824,6.16
1044880986,2024/04/08,539.0,544.0,536.0,556.0,542.0,533.0,-0.11957,0.13336,-0.98383,-0.24457,0.12528,-0.96151,5.824,6.164
1044897640,2024/04/08,538.0,545.0,536.0,556.0,540.0,533.0,-0.1193,0.13324,-0.98388,-0.24483,0.1255,-0.96141,5.823,6.166
1044914295,2024/04/08,518.0,553.0,512.0,568.0,524.0,538.0,-0.12672,0.13669,-0.98248,-0.24933,0.12661,-0.96011,5.815,6.166
1044930950,2024/04/08,488.0,571.0,488.0,585.0,489.0,557.0,-0.13415,0.14152,-0.9808,-0.25918,0.13184,-0.95679,5.804,6.154
1044947604,2024/04/08,476.0,591.0,476.0,607.0,475.0,576.0,-0.13715,0.14889,-0.9793,-0.26254,0.13795,-0.95501,5.792,6.148
1044964258,2024/04/08,476.0,592.0,470.0,610.0,482.0,575.0,-0.13908,0.14927,-0.97897,-0.26036,0.13762,-0.95565,5.796,6.156
1044980913,2024/04/08,477.0,595.0,474.0,611.0,481.0,579.0,-0.13755,0.14926,-0.97918,-0.26035,0.13843,-0.95554,5.793,6.158
1044997568,2024/04/08,480.0,597.0,477.0,618.0,482.0,575.0,-0.13635,0.15123,-0.97905,-0.25985,0.13717,-0.95586,5.773,6.148
1045014222,2024/04/08,478.0,595.0,471.0,620.0,484.0,570.0,-0.13817,0.1517,-0.97872,-0.2592,0.13546,-0.95628,5.761,6.144
1045030877,2024/04/08,475.0,594.0,472.0,618.0,477.0,571.0,-0.13791,0.15096,-0.97887,-0.26117,0.1356,-0.95572,5.754,6.142
1045047532,2024/04/08,476.0,590.0,473.0,610.0,479.0,570.0,-0.13769,0.14832,-0.97931,-0.26073,0.13518,-0.9559,5.737,6.14
1045064186,2024/04/08,476.0,592.0,468.0,608.0,485.0,575.0,-0.13934,0.14751,-0.9792,-0.25896,0.13677,-0.95615,5.724,6.126
1045080841,2024/04/08,474.0,592.0,469.0,610.0,479.0,574.0,-0.13923,0.14803,-0.97913,-0.26072,0.13631,-0.95574,5.707,6.119
1045097495,2024/04/08,476.0,592.0,476.0,611.0,476.0,574.0,-0.13678,0.14833,-0.97943,-0.26143,0.13622,-0.95556,5.685,6.105
1045114149,2024/04/08,473.0,594.0,474.0,615.0,473.0,573.0,-0.13746,0.14992,-0.9791,-0.26221,0.13626,-0.95534,5.66,6.098
1045130804,2024/04/08,473.0,596.0,472.0,616.0,474.0,577.0,-0.13777,0.15031,-0.97899,-0.26171,0.13743,-0.95531,5.643,6.095
1045147459,2024/04/08,478.0,592.0,478.0,608.0,477.0,577.0,-0.13572,0.14754,-0.9797,-0.26073,0.13718,-0.95561,5.633,6.09
1045164113,2024/04/08,477.0,589.0,478.0,608.0,475.0,570.0,-0.13554,0.14735,-0.97975,-0.26122,0.1346,-0.95585,5.625,6.082
1045180768,2024/04/08,475.0,591.0,475.0,616.0,475.0,565.0,-0.13655,0.14968,-0.97926,-0.26104,0.13295,-0.95613,5.613,6.074
1045197423,2024/04/08,476.0,589.0,478.0,611.0,474.0,566.0,-0.13561,0.14801,-0.97964,-0.26128,0.13334,-0.95601,5.605,6.063
1045214077,2024/04/08,477.0,589.0,483.0,610.0,471.0,568.0,-0.13391,0.1477,-0.97993,-0.26198,0.13398,-0.95573,5.594,6.053
1045230731,2024/04/08,478.0,592.0,480.0,619.0,477.0,565.0,-0.13485,0.15053,-0.97937,-0.26022,0.13311,-0.95633,5.58,6.039
1045247386,2024/04/08,442.0,533.0,434.0,556.0,449.0,509.0,-0.14965,0.13,-0.98015,-0.26908,0.11522,-0.9562,5.575,6.024
1045264041,2024/04/08,396.0,476.0,385.0,501.0,406.0,451.0,-0.16496,0.11272,-0.97984,-0.28151,0.09764,-0.95458,5.523,5.992
1045280695,2024/04/08,267.0,210.0,248.0,232.0,285.0,188.0,-0.20806,0.02654,-0.97776,-0.31683,0.01554,-0.94836,5.506,5.967
1045297350,2024/04/08,276.0,208.0,262.0,230.0,289.0,187.0,-0.2039,0.02545,-0.97866,-0.31585,0.0152,-0.94869,5.57,6.002
1045314005,2024/04/08,280.0,206.0,272.0,222.0,289.0,190.0,-0.20092,0.02335,-0.97933,-0.31581,0.0163,-0.94868,5.573,6.001
1045330659,2024/04/08,281.0,209.0,267.0,220.0,296.0,197.0,-0.20266,0.023,-0.97898,-0.31375,0.01904,-0.94932,5.587,5.995
1045347314,2024/04/08,281.0,205.0,273.0,219.0,289.0,191.0,-0.20068,0.02291,-0.97939,-0.31572,0.01742,-0.94869,5.585,5.989
1045363968,2024/04/08,288.0,208.0,287.0,221.0,290.0,195.0,-0.1965,0.02328,-0.98023,-0.31526,0.01872,-0.94882,5.574,5.979
1045380622,2024/04/08,291.0,212.0,285.0,222.0,296.0,201.0,-0.19681,0.02364,-0.98016,-0.31349,0.02062,-0.94937,5.579,5.978
1045397277,2024/04/08,287.0,215.0,281.0,229.0,293.0,201.0,-0.19825,0.02561,-0.97982,-0.31443,0.02055,-0.94906,5.583,5.986
1045413932,2024/04/08,285.0,218.0,277.0,233.0,293.0,203.0,-0.19966,0.02709,-0.97949,-0.31432,0.02133,-0.94908,5.584,5.986
1045430586,2024/04/08,283.0,220.0,281.0,239.0,285.0,201.0,-0.1984,0.02932,-0.97968,-0.31669,0.02083,-0.9483,5.601,5.986
1045447241,2024/04/08,286.0,215.0,287.0,234.0,284.0,197.0,-0.19685,0.02773,-0.98004,-0.31719,0.01953,-0.94816,5.61,5.99
1045463896,2024/04/08,290.0,218.0,300.0,236.0,280.0,199.0,-0.1927,0.02876,-0.98084,-0.31853,0.02057,-0.94769,5.612,5.997
1045480550,2024/04/08,287.0,219.0,297.0,238.0,276.0,200.0,-0.19373,0.02935,-0.98062,-0.31946,0.02091,-0.94737,5.619,6.002
1045497204,2024/04/08,285.0,206.0,284.0,224.0,285.0,189.0,-0.19767,0.02476,-0.97996,-0.31695,0.01744,-0.94828,5.613,6.017
1045513859,2024/04/08,287.0,205.0,287.0,224.0,287.0,186.0,-0.19687,0.02465,-0.98012,-0.3163,0.01633,-0.94852,5.626,6.027
1045530514,2024/04/08,282.0,206.0,280.0,226.0,284.0,186.0,-0.19864,0.02518,-0.97975,-0.3172,0.01645,-0.94822,5.651,6.032
1045547168,2024/04/08,276.0,206.0,273.0,223.0,278.0,189.0,-0.20071,0.02402,-0.97936,-0.31889,0.01732,-0.94763,5.658,6.039
1045563823,2024/04/08,273.0,199.0,277.0,215.0,269.0,182.0,-0.19933,0.02206,-0.97968,-0.32096,0.01572,-0.94696,5.681,6.052
1045580478,2024/04/08,277.0,193.0,280.0,209.0,273.0,177.0,-0.19803,0.01994,-0.97999,-0.3198,0.01431,-0.94738,5.688,6.061
1045597132,2024/04/08,295.0,193.0,293.0,208.0,298.0,178.0,-0.19421,0.01933,-0.98077,-0.31303,0.0141,-0.94964,5.68,6.069
1045613787,2024/04/08,348.0,178.0,346.0,199.0,351.0,157.0,-0.17738,0.01696,-0.984,-0.29766,0.00817,-0.95464,5.684,6.076
1045630441,2024/04/08,381.0,170.0,383.0,197.0,378.0,144.0,-0.16483,0.01703,-0.98617,-0.2892,0.0047,-0.95726,5.702,6.077
1045647095,2024/04/08,376.0,162.0,377.0,189.0,375.0,135.0,-0.16626,0.01417,-0.98598,-0.28975,0.00183,-0.9571,5.734,6.102
1045663750,2024/04/08,378.0,144.0,376.0,173.0,380.0,114.0,-0.16688,0.00909,-0.98593,-0.2886,-0.00449,-0.95744,5.723,6.125
1045680405,2024/04/08,377.0,142.0,378.0,173.0,375.0,110.0,-0.16577,0.01004,-0.98611,-0.28985,-0.00522,-0.95706,5.728,6.128
1045697059,2024/04/08,375.0,148.0,380.0,175.0,370.0,122.0,-0.16524,0.01093,-0.98619,-0.29118,-0.00094,-0.95667,5.738,6.137
1045713714,2024/04/08,376.0,144.0,380.0,164.0,373.0,124.0,-0.165,0.00762,-0.98626,-0.29024,-0.00024,-0.95695,5.744,6.143
1045730369,2024/04/08,374.0,136.0,377.0,161.0,371.0,111.0,-0.16584,0.00657,-0.98613,-0.29081,-0.00418,-0.95677,5.755,6.16
1045747023,2024/04/08,378.0,132.0,380.0,157.0,376.0,108.0,-0.16472,0.00498,-0.98633,-0.2893,-0.00537,-0.95722,5.77,6.17
1045763677,2024/04/08,377.0,141.0,378.0,168.0,376.0,113.0,-0.16535,0.00868,-0.9862,-0.28953,-0.00399,-0.95716,5.797,6.172
1045780332,2024/04/08,373.0,142.0,377.0,170.0,369.0,113.0,-0.16566,0.00951,-0.98614,-0.29143,-0.00347,-0.95658,5.807,6.174
1045796987,2024/04/08,375.0,134.0,383.0,168.0,368.0,99.0,-0.16386,0.00932,-0.98644,-0.29198,-0.00767,-0.95639,5.812,6.181
1045813641,2024/04/08,372.0,138.0,378.0,175.0,366.0,102.0,-0.16529,0.0119,-0.98617,-0.29258,-0.00619,-0.95622,5.823,6.187
1045830296,2024/04/08,373.0,141.0,369.0,169.0,376.0,112.0,-0.16829,0.01055,-0.98568,-0.28958,-0.00256,-0.95715,5.815,6.198
1045846951,2024/04/08,374.0,137.0,373.0,164.0,376.0,111.0,-0.16686,0.00931,-0.98594,-0.28975,-0.00242,-0.9571,5.832,6.21
1045863605,2024/04/08,371.0,130.0,375.0,157.0,366.0,102.0,-0.16637,0.00701,-0.98604,-0.29264,-0.00534,-0.95621,5.858,6.23
1045880260,2024/04/08,371.0,125.0,369.0,151.0,374.0,100.0,-0.16849,0.005,-0.98569,-0.29073,-0.00603,-0.95679,5.877,6.241
1045896914,2024/04/08,374.0,125.0,376.0,148.0,371.0,102.0,-0.16658,0.00454,-0.98602,-0.29176,-0.00486,-0.95648,5.906,6.256
1045913568,2024/04/08,374.0,125.0,374.0,151.0,374.0,99.0,-0.16725,0.0062,-0.9859,-0.29127,-0.00551,-0.95663,5.929,6.265
1045930223,2024/04/08,375.0,123.0,367.0,149.0,382.0,97.0,-0.16981,0.00616,-0.98546,-0.28911,-0.0055,-0.95728,5.931,6.279
1045946878,2024/04/08,375.0,119.0,372.0,143.0,377.0,94.0,-0.16843,0.00427,-0.9857,-0.29088,-0.00657,-0.95674,5.944,6.288
1045963532,2024/04/08,372.0,118.0,372.0,142.0,371.0,94.0,-0.16817,0.00398,-0.98575,-0.29257,-0.00643,-0.95622,5.96,6.29
1045980187,2024/04/08,372.0,120.0,369.0,141.0,374.0,99.0,-0.16924,0.00312,-0.98557,-0.29174,-0.0052,-0.95648,5.979,6.297
1045996842,2024/04/08,371.0,119.0,363.0,147.0,378.0,90.0,-0.17069,0.00566,-0.98531,-0.29053,-0.00769,-0.95684,6.018,6.324
1046013496,2024/04/08,372.0,117.0,362.0,146.0,383.0,87.0,-0.17126,0.00547,-0.98521,-0.28918,-0.00854,-0.95724,6.027,6.333
1046030151,2024/04/08,369.0,116.0,364.0,141.0,373.0,91.0,-0.17017,0.00457,-0.9854,-0.29198,-0.00657,-0.9564,6.021,6.34
1046046805,2024/04/08,369.0,115.0,365.0,143.0,373.0,86.0,-0.16981,0.00525,-0.98546,-0.29198,-0.0081,-0.95639,6.033,6.348
1046063460,2024/04/08,373.0,111.0,364.0,132.0,382.0,90.0,-0.17001,0.00153,-0.98544,-0.28919,-0.00702,-0.95725,6.038,6.357
1046080114,2024/04/08,371.0,114.0,365.0,130.0,378.0,98.0,-0.16909,0.0006,-0.9856,-0.29019,-0.0044,-0.95696,6.052,6.363
1046096769,2024/04/08,366.0,114.0,361.0,131.0,371.0,97.0,-0.17021,0.00082,-0.98541,-0.29193,-0.0049,-0.95643,6.066,6.381
1046113424,2024/04/08,366.0,114.0,361.0,132.0,371.0,96.0,-0.17006,0.00132,-0.98543,-0.29174,-0.00475,-0.95649,6.079,6.391
1046130078,2024/04/08,367.0,114.0,362.0,129.0,372.0,98.0,-0.16967,0.00048,-0.9855,-0.29176,-0.00399,-0.95648,6.095,6.404
1046146733,2024/04/08,365.0,113.0,363.0,128.0,367.0,98.0,-0.16931,0.00017,-0.98556,-0.293,-0.00371,-0.9561,6.107,6.405
1046163388,2024/04/08,369.0,113.0,367.0,128.0,370.0,98.0,-0.16782,0.00028,-0.98582,-0.29202,-0.00355,-0.9564,6.111,6.415
1046180041,2024/04/08,367.0,116.0,360.0,135.0,375.0,96.0,-0.16996,0.00289,-0.98545,-0.2906,-0.00386,-0.95684,6.118,6.421
1046196696,2024/04/08,361.0,114.0,352.0,133.0,370.0,94.0,-0.17223,0.00223,-0.98505,-0.29188,-0.00465,-0.95644,6.124,6.422
1046213351,2024/04/08,362.0,110.0,356.0,128.0,368.0,91.0,-0.17096,0.00051,-0.98528,-0.29258,-0.00552,-0.95623,6.131,6.429
1046230005,2024/04/08,369.0,111.0,363.0,130.0,375.0,93.0,-0.16868,0.00078,-0.98567,-0.29026,-0.00502,-0.95693,6.142,6.441
1046246660,2024/04/08,369.0,112.0,365.0,129.0,373.0,96.0,-0.16765,0.00092,-0.98585,-0.2907,-0.00388,-0.95681,6.147,6.441
1046263315,2024/04/08,361.0,112.0,362.0,129.0,361.0,95.0,-0.16858,0.00107,-0.98569,-0.29437,-0.00404,-0.95568,6.15,6.442
1046279969,2024/04/08,369.0,107.0,365.0,123.0,373.0,91.0,-0.16789,-0.00105,-0.9858,-0.29103,-0.00502,-0.9567,6.157,6.445
1046296624,2024/04/08,366.0,113.0,361.0,136.0,372.0,90.0,-0.16953,0.00293,-0.98552,-0.29147,-0.00589,-0.95656,6.159,6.454
1046313278,2024/04/08,366.0,117.0,359.0,141.0,374.0,92.0,-0.17027,0.00393,-0.98539,-0.29138,-0.00564,-0.95659,6.155,6.448
1046329933,2024/04/08,380.0,114.0,370.0,137.0,390.0,91.0,-0.16773,0.00143,-0.98583,-0.28738,-0.00716,-0.95779,6.147,6.439
1046346587,2024/04/08,496.0,141.0,475.0,162.0,517.0,121.0,-0.13329,0.01232,-0.991,-0.24912,0.00493,-0.96846,6.133,6.432
1046363242,2024/04/08,732.0,171.0,693.0,184.0,772.0,158.0,-0.06438,0.0189,-0.99775,-0.17249,0.01601,-0.98488,6.163,6.435
1046379897,2024/04/08,893.0,185.0,853.0,202.0,933.0,169.0,-0.01296,0.02285,-0.99966,-0.12195,0.01727,-0.99239,6.188,6.444
1046396551,2024/04/08,918.0,201.0,885.0,219.0,952.0,182.0,-0.00222,0.02998,-0.99955,-0.11598,0.0229,-0.99299,6.162,6.412
1046413206,2024/04/08,920.0,202.0,894.0,217.0,946.0,188.0,0.00088,0.02922,-0.99957,-0.11785,0.02487,-0.99272,6.147,6.403
1046429861,2024/04/08,919.0,198.0,891.0,217.0,947.0,178.0,-0.00064,0.02911,-0.99958,-0.11788,0.02113,-0.9928,6.148,6.412
1046446514,2024/04/08,924.0,195.0,898.0,221.0,950.0,170.0,0.00152,0.02997,-0.99955,-0.11702,0.01769,-0.99297,6.145,6.412
1046463169,2024/04/08,924.0,195.0,902.0,210.0,946.0,179.0,0.00264,0.02584,-0.99966,-0.11856,0.02006,-0.99274,6.139,6.412
1046479824,2024/04/08,925.0,199.0,905.0,213.0,945.0,186.0,0.00343,0.02615,-0.99965,-0.11899,0.02157,-0.99266,6.13,6.409
1046496478,2024/04/08,929.0,196.0,907.0,213.0,950.0,179.0,0.00406,0.02567,-0.99966,-0.11754,0.01874,-0.99289,6.127,6.409
1046513133,2024/04/08,923.0,196.0,898.0,216.0,949.0,176.0,0.00065,0.02664,-0.99964,-0.11813,0.01763,-0.99284,6.116,6.406
1046529788,2024/04/08,923.0,204.0,901.0,228.0,945.0,180.0,0.00153,0.03077,-0.99953,-0.11991,0.0187,-0.99261,6.113,6.4
1046546442,2024/04/08,924.0,204.0,903.0,226.0,946.0,182.0,0.00194,0.02995,-0.99955,-0.11966,0.01912,-0.99263,6.111,6.401
1046563097,2024/04/08,925.0,204.0,898.0,221.0,952.0,188.0,-0.00021,0.0275,-0.99962,-0.11807,0.02036,-0.9928,6.105,6.399
1046579751,2024/04/08,922.0,207.0,894.0,223.0,950.0,192.0,-0.00174,0.02788,-0.99961,-0.11916,0.02127,-0.99265,6.1,6.395
1046596406,2024/04/08,924.0,203.0,896.0,224.0,952.0,182.0,-0.00158,0.02777,-0.99961,-0.119,0.01739,-0.99274,6.094,6.4
1046613060,2024/04/08,923.0,201.0,898.0,227.0,948.0,174.0,-0.00143,0.02901,-0.99958,-0.12075,0.0149,-0.99257,6.092,6.404
1046629715,2024/04/08,923.0,203.0,896.0,232.0,949.0,173.0,-0.0025,0.0306,-0.99953,-0.12083,0.01448,-0.99257,6.091,6.411
1046646370,2024/04/08,928.0,202.0,904.0,228.0,953.0,176.0,-0.00034,0.02939,-0.99957,-0.12021,0.01529,-0.99263,6.095,6.415
1046663024,2024/04/08,926.0,203.0,906.0,221.0,947.0,186.0,-0.00022,0.02667,-0.99964,-0.12271,0.01816,-0.99228,6.1,6.411
1046679679,2024/04/08,923.0,203.0,903.0,220.0,944.0,187.0,-0.00177,0.02604,-0.99966,-0.12412,0.01774,-0.99211,6.1,6.39
1046696334,2024/04/08,901.0,204.0,881.0,226.0,921.0,182.0,-0.00922,0.02851,-0.99955,-0.1317,0.01646,-0.99115,6.093,6.396
1046712987,2024/04/08,812.0,186.0,789.0,207.0,835.0,165.0,-0.03967,0.02116,-0.99899,-0.15954,0.00971,-0.98714,6.098,6.423
1046729642,2024/04/08,734.0,169.0,715.0,192.0,754.0,147.0,-0.06469,0.01495,-0.99779,-0.18563,0.00251,-0.98262,6.096,6.42
1046746297,2024/04/08,725.0,172.0,703.0,191.0,747.0,154.0,-0.06896,0.01469,-0.99751,-0.18788,0.00495,-0.98218,6.081,6.399
1046762951,2024/04/08,726.0,170.0,708.0,190.0,744.0,151.0,-0.06739,0.01404,-0.99763,-0.18918,0.00361,-0.98193,6.081,6.392
1046779606,2024/04/08,722.0,170.0,702.0,191.0,742.0,149.0,-0.0699,0.0141,-0.99745,-0.19028,0.00254,-0.98173,6.082,6.394
1046796261,2024/04/08,716.0,168.0,695.0,196.0,738.0,140.0,-0.07261,0.01547,-0.99724,-0.19172,-0.00057,-0.98145,6.08,6.397
1046812915,2024/04/08,716.0,164.0,699.0,191.0,732.0,136.0,-0.0713,0.01318,-0.99737,-0.19381,-0.00245,-0.98104,6.081,6.396
1046829570,2024/04/08,723.0,165.0,705.0,188.0,741.0,142.0,-0.0698,0.01179,-0.99749,-0.19136,-0.00078,-0.98152,6.071,6.391
1046846224,2024/04/08,718.0,172.0,698.0,193.0,739.0,152.0,-0.07239,0.01335,-0.99729,-0.19217,0.00219,-0.98136,6.069,6.381
1046862879,2024/04/08,715.0,170.0,693.0,190.0,737.0,149.0,-0.07421,0.01252,-0.99716,-0.19281,0.00132,-0.98124,6.075,6.382
1046879533,2024/04/08,721.0,168.0,701.0,189.0,741.0,148.0,-0.07156,0.01193,-0.99736,-0.19192,0.00058,-0.98141,6.078,6.381
1046896188,2024/04/08,723.0,175.0,704.0,192.0,742.0,157.0,-0.07099,0.0131,-0.99739,-0.1917,0.0036,-0.98145,6.074,6.376
1046912843,2024/04/08,721.0,176.0,696.0,196.0,746.0,156.0,-0.07398,0.01435,-0.99716,-0.19081,0.00335,-0.98162,6.07,6.371
1046929497,2024/04/08,721.0,179.0,695.0,199.0,748.0,158.0,-0.07451,0.01535,-0.9971,-0.19046,0.00385,-0.98169,6.067,6.371
1046946152,2024/04/08,724.0,178.0,697.0,198.0,750.0,157.0,-0.0741,0.01477,-0.99714,-0.18992,0.00341,-0.98179,6.069,6.367
1046962807,2024/04/08,727.0,176.0,701.0,197.0,754.0,155.0,-0.07332,0.01419,-0.99721,-0.18905,0.00232,-0.98197,6.075,6.374
1046979460,2024/04/08,729.0,178.0,705.0,202.0,753.0,154.0,-0.0723,0.01592,-0.99726,-0.18979,0.00185,-0.98182,6.077,6.376
1046996115,2024/04/08,730.0,180.0,707.0,198.0,753.0,163.0,-0.07213,0.0142,-0.99729,-0.19048,0.00449,-0.98168,6.083,6.379
1047012770,2024/04/08,687.0,195.0,659.0,216.0,716.0,175.0,-0.08881,0.01889,-0.99587,-0.20264,0.00715,-0.97923,6.085,6.376
1047029424,2024/04/08,650.0,207.0,604.0,226.0,697.0,187.0,-0.10696,0.02211,-0.99402,-0.20839,0.01107,-0.97798,6.017,6.251
1047046079,2024/04/08,500.0,298.0,474.0,305.0,525.0,291.0,-0.14856,0.04979,-0.98765,-0.26058,0.04606,-0.96435,6.02,6.24
1047062734,2024/04/08,498.0,292.0,474.0,305.0,522.0,278.0,-0.14925,0.05026,-0.98752,-0.26219,0.04228,-0.96409,6.02,6.389
1047079388,2024/04/08,502.0,283.0,477.0,298.0,528.0,268.0,-0.14872,0.04816,-0.98771,-0.26108,0.0391,-0.96453,6.071,6.411
1047096043,2024/04/08,498.0,285.0,486.0,299.0,509.0,272.0,-0.14835,0.04769,-0.98778,-0.2682,0.03987,-0.96254,6.154,6.413
1047112697,2024/04/08,496.0,287.0,483.0,298.0,509.0,276.0,-0.14845,0.04764,-0.98777,-0.26741,0.04124,-0.9627,6.159,6.417
1047129352,2024/04/08,501.0,285.0,486.0,299.0,516.0,271.0,-0.14763,0.04842,-0.98786,-0.26581,0.03953,-0.96322,6.154,6.419
1047146006,2024/04/08,504.0,283.0,486.0,297.0,521.0,269.0,-0.14798,0.04766,-0.98784,-0.26483,0.03893,-0.96351,6.155,6.415
1047162661,2024/04/08,497.0,283.0,479.0,294.0,515.0,271.0,-0.15059,0.0465,-0.9875,-0.26704,0.03954,-0.96287,6.148,6.41
1047179316,2024/04/08,495.0,281.0,483.0,292.0,508.0,270.0,-0.15009,0.04566,-0.98762,-0.2699,0.03867,-0.96211,6.145,6.406
1047195970,2024/04/08,502.0,279.0,486.0,290.0,517.0,268.0,-0.1493,0.04488,-0.98777,-0.26725,0.03805,-0.96288,6.143,6.404
1047212625,2024/04/08,504.0,280.0,489.0,293.0,518.0,267.0,-0.14838,0.0453,-0.98789,-0.26726,0.03698,-0.96292,6.138,6.396
1047229280,2024/04/08,509.0,280.0,495.0,289.0,523.0,271.0,-0.14641,0.04389,-0.98825,-0.26594,0.03827,-0.96323,6.15,6.388
1047245933,2024/04/08,510.0,280.0,495.0,289.0,524.0,270.0,-0.14679,0.04368,-0.9882,-0.26552,0.03765,-0.96337,6.152,6.394
1047262588,2024/04/08,504.0,282.0,491.0,298.0,517.0,266.0,-0.14768,0.04721,-0.98791,-0.26762,0.03692,-0.96282,6.147,6.4
1047279243,2024/04/08,505.0,282.0,490.0,296.0,520.0,268.0,-0.14794,0.0467,-0.98789,-0.26679,0.0377,-0.96302,6.151,6.399
1047295897,2024/04/08,506.0,287.0,492.0,300.0,521.0,275.0,-0.14723,0.04835,-0.98792,-0.26633,0.04051,-0.96303,6.149,6.386
1047312552,2024/04/08,505.0,288.0,492.0,300.0,518.0,275.0,-0.14703,0.04842,-0.98795,-0.26681,0.0404,-0.9629,6.143,6.382
1047329207,2024/04/08,502.0,285.0,489.0,293.0,516.0,277.0,-0.14794,0.04558,-0.98795,-0.26754,0.04043,-0.9627,6.141,6.372
1047345861,2024/04/08,501.0,289.0,489.0,297.0,512.0,280.0,-0.1475,0.04702,-0.98794,-0.26829,0.04172,-0.96243,6.139,6.369
1047362516,2024/04/08,504.0,286.0,489.0,299.0,518.0,273.0,-0.14775,0.04765,-0.98788,-0.26667,0.03931,-0.96298,6.138,6.378
1047379170,2024/04/08,506.0,286.0,493.0,301.0,518.0,271.0,-0.14636,0.04869,-0.98803,-0.26659,0.03929,-0.96301,6.128,6.376
1047395825,2024/04/08,506.0,286.0,496.0,303.0,515.0,270.0,-0.14581,0.04917,-0.98809,-0.26801,0.03859,-0.96264,6.12,6.376
1047412479,2024/04/08,509.0,288.0,500.0,304.0,518.0,273.0,-0.14486,0.04962,-0.98821,-0.26751,0.03987,-0.96273,6.112,6.373
1047429134,2024/04/08,513.0,287.0,499.0,300.0,527.0,273.0,-0.14558,0.04811,-0.98818,-0.26543,0.03949,-0.96332,6.088,6.35
1047445789,2024/04/08,514.0,283.0,503.0,293.0,525.0,273.0,-0.14471,0.04542,-0.98843,-0.26616,0.0392,-0.96313,6.076,6.342
1047462443,2024/04/08,521.0,286.0,517.0,299.0,526.0,273.0,-0.14081,0.0472,-0.98891,-0.26647,0.03875,-0.96306,6.066,6.322
1047479098,2024/04/08,521.0,284.0,518.0,302.0,524.0,266.0,-0.14076,0.0479,-0.98888,-0.26743,0.03599,-0.9629,6.052,6.315
1047495753,2024/04/08,515.0,277.0,514.0,296.0,517.0,258.0,-0.14233,0.04561,-0.98877,-0.26977,0.03316,-0.96236,6.032,6.306
1047512406,2024/04/08,513.0,277.0,515.0,297.0,510.0,257.0,-0.14227,0.04579,-0.98877,-0.27221,0.03229,-0.9617,6.022,6.296
1047529061,2024/04/08,512.0,281.0,506.0,297.0,517.0,265.0,-0.14524,0.04668,-0.9883,-0.27011,0.03575,-0.96217,6.007,6.265
1047545716,2024/04/08,512.0,283.0,507.0,297.0,516.0,268.0,-0.14495,0.04721,-0.98831,-0.27037,0.03722,-0.96204,5.99,6.259
1047562370,2024/04/08,517.0,286.0,515.0,304.0,519.0,269.0,-0.14231,0.04987,-0.98857,-0.26944,0.03794,-0.96227,5.993,6.254
1047579025,2024/04/08,516.0,290.0,512.0,311.0,521.0,269.0,-0.1433,0.05156,-0.98834,-0.26879,0.0372,-0.96248,5.982,6.247
1047595680,2024/04/08,512.0,285.0,505.0,305.0,519.0,265.0,-0.14533,0.04882,-0.98818,-0.26915,0.03499,-0.96246,5.958,6.243
1047612334,2024/04/08,514.0,281.0,505.0,300.0,523.0,263.0,-0.14506,0.04637,-0.98834,-0.26776,0.03392,-0.96289,5.956,6.241
1047628989,2024/04/08,518.0,283.0,512.0,303.0,524.0,263.0,-0.14298,0.04757,-0.98858,-0.26734,0.03391,-0.963,5.964,6.238
1047645643,2024/04/08,518.0,287.0,514.0,310.0,522.0,264.0,-0.14259,0.05096,-0.98847,-0.26838,0.03566,-0.96265,5.953,6.232
1047662298,2024/04/08,515.0,290.0,512.0,317.0,518.0,264.0,-0.14553,0.05313,-0.98793,-0.27101,0.03573,-0.96191,5.958,6.23
1047678952,2024/04/08,515.0,290.0,510.0,315.0,521.0,266.0,-0.14451,0.05259,-0.9881,-0.26891,0.03639,-0.96248,5.956,6.226
1047695607,2024/04/08,524.0,287.0,515.0,308.0,533.0,266.0,-0.14336,0.0489,-0.98846,-0.26555,0.03507,-0.96346,5.941,6.213
1047712262,2024/04/08,524.0,286.0,515.0,305.0,533.0,267.0,-0.14344,0.04726,-0.98853,-0.26578,0.03455,-0.96342,5.941,6.206
1047728916,2024/04/08,526.0,284.0,519.0,301.0,533.0,267.0,-0.1423,0.04558,-0.98877,-0.26607,0.03393,-0.96336,5.936,6.202
1047745571,2024/04/08,521.0,286.0,514.0,304.0,529.0,269.0,-0.14403,0.04726,-0.98844,-0.26758,0.03506,-0.9629,5.939,6.203
1047762226,2024/04/08,517.0,289.0,508.0,306.0,525.0,272.0,-0.1456,0.04953,-0.9881,-0.26841,0.0375,-0.96258,5.955,6.198
1047778879,2024/04/08,519.0,286.0,511.0,304.0,527.0,267.0,-0.14482,0.04915,-0.98824,-0.26795,0.03615,-0.96276,5.968,6.208
1047795534,2024/04/08,518.0,288.0,511.0,309.0,524.0,268.0,-0.14422,0.05192,-0.98818,-0.26817,0.03715,-0.96266,5.98,6.22
1047812189,2024/04/08,521.0,282.0,513.0,305.0,529.0,259.0,-0.14319,0.05015,-0.98842,-0.26665,0.03404,-0.96319,5.989,6.225
1047828843,2024/04/08,516.0,279.0,505.0,303.0,527.0,254.0,-0.14526,0.04923,-0.98817,-0.26679,0.03215,-0.96322,5.99,6.23
1047845498,2024/04/08,510.0,286.0,501.0,311.0,519.0,260.0,-0.14632,0.05142,-0.9879,-0.26876,0.03339,-0.96263,5.993,6.229
1047862153,2024/04/08,510.0,288.0,501.0,308.0,519.0,269.0,-0.14573,0.05002,-0.98806,-0.26827,0.03598,-0.96267,6.001,6.226
1047878807,2024/04/08,514.0,285.0,507.0,300.0,521.0,270.0,-0.14337,0.04742,-0.98853,-0.26718,0.03653,-0.96295,6.009,6.227
1047895462,2024/04/08,514.0,285.0,504.0,299.0,524.0,272.0,-0.14392,0.04778,-0.98844,-0.26619,0.03793,-0.96318,6.01,6.228
1047912116,2024/04/08,513.0,286.0,504.0,299.0,523.0,273.0,-0.14362,0.04885,-0.98843,-0.26608,0.03937,-0.96315,6.018,6.227
1047928771,2024/04/08,516.0,286.0,514.0,300.0,518.0,272.0,-0.14001,0.04882,-0.98895,-0.26738,0.0387,-0.96281,6.026,6.233
1047945425,2024/04/08,507.0,287.0,494.0,301.0,520.0,272.0,-0.14638,0.04859,-0.98803,-0.26662,0.03835,-0.96304,6.034,6.241
1047962080,2024/04/08,453.0,261.0,435.0,285.0,471.0,237.0,-0.16451,0.04259,-0.98546,-0.28052,0.02655,-0.95948,6.036,6.258
1047978735,2024/04/08,374.0,224.0,350.0,248.0,399.0,200.0,-0.19108,0.03018,-0.98111,-0.30098,0.01483,-0.95352,6.05,6.27
1047995389,2024/04/08,347.0,213.0,325.0,234.0,369.0,191.0,-0.19943,0.02565,-0.97958,-0.31035,0.01157,-0.95055,6.072,6.288
1048012044,2024/04/08,351.0,210.0,337.0,232.0,364.0,189.0,-0.19571,0.02624,-0.98031,-0.31177,0.01223,-0.95008,6.077,6.285
1048028699,2024/04/08,353.0,206.0,339.0,227.0,367.0,185.0,-0.1953,0.02569,-0.98041,-0.31103,0.01198,-0.95033,6.084,6.284
1048045352,2024/04/08,352.0,204.0,335.0,220.0,368.0,188.0,-0.19652,0.02326,-0.98022,-0.3109,0.01277,-0.95036,6.104,6.289
1048062007,2024/04/08,352.0,207.0,334.0,218.0,369.0,196.0,-0.19689,0.02194,-0.98018,-0.31053,0.01493,-0.95044,6.102,6.289
1048078662,2024/04/08,349.0,209.0,331.0,221.0,368.0,197.0,-0.1976,0.02254,-0.98002,-0.31087,0.01461,-0.95034,6.105,6.29
1048095316,2024/04/08,350.0,205.0,325.0,219.0,374.0,190.0,-0.19925,0.02193,-0.9797,-0.3087,0.01266,-0.95107,6.126,6.3
1048111971,2024/04/08,353.0,203.0,333.0,216.0,373.0,189.0,-0.19698,0.02126,-0.98018,-0.30911,0.01266,-0.95094,6.133,6.309
1048128626,2024/04/08,348.0,199.0,331.0,211.0,366.0,186.0,-0.19828,0.02024,-0.97994,-0.31154,0.01229,-0.95015,6.062,6.316
1048145280,2024/04/08,344.0,202.0,323.0,219.0,366.0,185.0,-0.19998,0.02359,-0.97952,-0.31068,0.01283,-0.95043,6.065,6.319
1048161935,2024/04/08,335.0,205.0,321.0,219.0,350.0,191.0,-0.20081,0.02338,-0.97935,-0.31546,0.01487,-0.94882,6.142,6.325
1048178589,2024/04/08,281.0,189.0,259.0,204.0,304.0,175.0,-0.21997,0.01783,-0.97534,-0.32828,0.0089,-0.94454,6.146,6.335
1048195244,2024/04/08,208.0,175.0,180.0,192.0,237.0,158.0,-0.24464,0.01279,-0.96953,-0.34744,0.00241,-0.9377,6.124,6.334
1048211898,2024/04/08,180.0,176.0,151.0,193.0,210.0,159.0,-0.25286,0.01343,-0.96741,-0.35412,0.00328,-0.93519,6.099,6.317
1048228553,2024/04/08,175.0,173.0,150.0,193.0,201.0,153.0,-0.25343,0.01304,-0.96727,-0.35687,0.001,-0.93415,6.114,6.318
1048245208,2024/04/08,172.0,167.0,148.0,190.0,195.0,145.0,-0.2542,0.01212,-0.96708,-0.35871,-0.00134,-0.93345,6.117,6.32
1048261862,2024/04/08,175.0,166.0,156.0,188.0,194.0,144.0,-0.25213,0.01194,-0.96762,-0.35949,-0.00131,-0.93315,6.1,6.33
1048278517,2024/04/08,176.0,170.0,159.0,193.0,194.0,148.0,-0.2513,0.01395,-0.96781,-0.35983,0.00049,-0.93302,6.084,6.321
1048295172,2024/04/08,183.0,173.0,160.0,190.0,207.0,157.0,-0.25129,0.01291,-0.96783,-0.35645,0.003,-0.93431,6.076,6.305
1048311825,2024/04/08,186.0,174.0,162.0,189.0,210.0,160.0,-0.25061,0.01228,-0.96801,-0.35566,0.00374,-0.93461,6.078,6.308
1048328480,2024/04/08,187.0,176.0,170.0,190.0,204.0,163.0,-0.24842,0.01193,-0.96858,-0.35739,0.0041,-0.93395,6.079,6.304
1048345135,2024/04/08,185.0,175.0,172.0,191.0,198.0,159.0,-0.24792,0.01238,-0.9687,-0.35902,0.00274,-0.93333,6.066,6.301
1048361789,2024/04/08,184.0,179.0,171.0,201.0,197.0,157.0,-0.24846,0.01611,-0.96851,-0.35968,0.00253,-0.93307,6.065,6.307
1048378444,2024/04/08,192.0,174.0,172.0,194.0,211.0,153.0,-0.24822,0.01441,-0.9686,-0.35573,0.00204,-0.93459,6.073,6.31
1048395099,2024/04/08,216.0,163.0,193.0,178.0,239.0,147.0,-0.24214,0.00942,-0.9702,-0.34849,0.00026,-0.93731,6.066,6.308
1048411753,2024/04/08,233.0,159.0,216.0,174.0,251.0,144.0,-0.23565,0.00766,-0.97181,-0.34551,-0.00109,-0.93841,6.067,6.307
1048428408,2024/04/08,235.0,160.0,216.0,179.0,254.0,142.0,-0.23546,0.0091,-0.97184,-0.3448,-0.002,-0.93867,6.064,6.305
1048445063,2024/04/08,236.0,158.0,216.0,177.0,256.0,139.0,-0.23556,0.00835,-0.97182,-0.34406,-0.0033,-0.93894,6.066,6.307
1048461717,2024/04/08,233.0,156.0,217.0,168.0,249.0,143.0,-0.23538,0.00536,-0.97189,-0.34613,-0.00209,-0.93818,6.068,6.302
1048478371,2024/04/08,231.0,160.0,216.0,171.0,246.0,149.0,-0.23591,0.00672,-0.97175,-0.34698,0.00017,-0.93787,6.068,6.301
1048495026,2024/04/08,232.0,157.0,218.0,171.0,246.0,144.0,-0.23537,0.00716,-0.97188,-0.34723,-0.00063,-0.93778,6.067,6.303
1048511681,2024/04/08,234.0,154.0,221.0,167.0,247.0,140.0,-0.23455,0.00676,-0.97208,-0.34714,-0.00127,-0.93781,6.064,6.305
1048528335,2024/04/08,227.0,153.0,204.0,166.0,251.0,139.0,-0.24024,0.00633,-0.97069,-0.34655,-0.00188,-0.93803,6.075,6.311
1048544990,2024/04/08,224.0,155.0,202.0,167.0,247.0,143.0,-0.24134,0.00616,-0.97042,-0.34804,-0.00083,-0.93748,6.076,6.31
1048561645,2024/04/08,229.0,158.0,214.0,171.0,243.0,145.0,-0.23766,0.00728,-0.97132,-0.34912,-0.00067,-0.93708,6.067,6.307
1048578299,2024/04/08,233.0,156.0,217.0,167.0,249.0,144.0,-0.23697,0.00583,-0.9715,-0.3477,-0.00119,-0.93761,6.069,6.304
1048594953,2024/04/08,233.0,154.0,214.0,163.0,252.0,144.0,-0.23841,0.00438,-0.97116,-0.34712,-0.0011,-0.93782,6.065,6.304
1048611608,2024/04/08,231.0,155.0,212.0,164.0,250.0,147.0,-0.23937,0.00462,-0.97092,-0.34813,-0.00034,-0.93745,6.068,6.302
1048628262,2024/04/08,234.0,161.0,215.0,173.0,253.0,150.0,-0.23822,0.00844,-0.97117,-0.34728,0.00125,-0.93776,6.058,6.287
1048644917,2024/04/08,234.0,160.0,215.0,173.0,253.0,146.0,-0.23838,0.00836,-0.97114,-0.34741,8e-05,-0.93771,6.05,6.286
1048661572,2024/04/08,236.0,154.0,220.0,169.0,251.0,139.0,-0.23641,0.00764,-0.97162,-0.34725,-0.00189,-0.93777,6.057,6.291
1048678226,2024/04/08,230.0,153.0,215.0,169.0,245.0,137.0,-0.23773,0.00721,-0.9713,-0.34874,-0.00305,-0.93722,6.055,6.292
1048694881,2024/04/08,229.0,152.0,213.0,165.0,245.0,139.0,-0.23738,0.0062,-0.9714,-0.34806,-0.0023,-0.93747,6.052,6.294
1048711536,2024/04/08,233.0,149.0,219.0,164.0,246.0,135.0,-0.23516,0.00547,-0.97194,-0.34724,-0.00352,-0.93777,6.051,6.295
1048728190,2024/04/08,231.0,142.0,215.0,157.0,248.0,128.0,-0.23558,0.00397,-0.97185,-0.34615,-0.00523,-0.93816,6.053,6.29
1048744844,2024/04/08,227.0,136.0,211.0,150.0,242.0,122.0,-0.23616,0.00196,-0.97171,-0.34713,-0.00651,-0.9378,6.056,6.295
1048761499,2024/04/08,223.0,141.0,212.0,154.0,235.0,128.0,-0.23499,0.00377,-0.97199,-0.34855,-0.00383,-0.93728,6.057,6.302
1048778154,2024/04/08,225.0,143.0,215.0,152.0,234.0,133.0,-0.23336,0.00324,-0.97238,-0.34811,-0.00192,-0.93745,6.06,6.298
1048794808,2024/04/08,222.0,137.0,212.0,143.0,232.0,130.0,-0.23387,-0.0005,-0.97227,-0.34818,-0.00352,-0.93742,6.072,6.298
1048811463,2024/04/08,223.0,135.0,212.0,142.0,233.0,129.0,-0.23311,-0.0013,-0.97245,-0.34717,-0.00398,-0.93779,6.073,6.301
1048828118,2024/04/08,208.0,138.0,200.0,146.0,217.0,130.0,-0.23656,-0.00038,-0.97162,-0.35145,-0.00399,-0.9362,6.065,6.304
1048844772,2024/04/08,179.0,142.0,172.0,155.0,186.0,128.0,-0.24479,0.00289,-0.96957,-0.35974,-0.00446,-0.93304,6.067,6.311
1048861426,2024/04/08,158.0,143.0,150.0,158.0,166.0,129.0,-0.25239,0.00287,-0.96762,-0.36586,-0.00486,-0.93066,6.07,6.311
1048878081,2024/04/08,159.0,148.0,148.0,160.0,170.0,137.0,-0.25307,0.00408,-0.96744,-0.36475,-0.00192,-0.9311,6.057,6.298
1048894735,2024/04/08,167.0,149.0,154.0,160.0,179.0,137.0,-0.25157,0.00364,-0.96783,-0.36266,-0.00207,-0.93192,6.045,6.286
1048911390,2024/04/08,166.0,146.0,150.0,156.0,181.0,136.0,-0.25274,0.00237,-0.96753,-0.36213,-0.00251,-0.93213,6.051,6.286
1048928045,2024/04/08,171.0,147.0,156.0,156.0,186.0,139.0,-0.25142,0.0022,-0.96788,-0.36114,-0.00161,-0.93251,6.045,6.285
1048944699,2024/04/08,177.0,146.0,159.0,157.0,195.0,135.0,-0.25049,0.00293,-0.96811,-0.35884,-0.00273,-0.93339,6.039,6.283
1048961354,2024/04/08,173.0,142.0,154.0,151.0,192.0,132.0,-0.25255,0.00127,-0.96758,-0.35993,-0.00353,-0.93297,6.058,6.28
1048978009,2024/04/08,175.0,139.0,154.0,144.0,197.0,134.0,-0.25314,-0.00127,-0.96743,-0.35912,-0.00332,-0.93329,6.073,6.28
1048994663,2024/04/08,185.0,139.0,164.0,150.0,207.0,129.0,-0.25004,0.00129,-0.96823,-0.35645,-0.00464,-0.9343,6.072,6.28
1049011317,2024/04/08,186.0,142.0,167.0,154.0,204.0,131.0,-0.24924,0.00246,-0.96844,-0.35727,-0.0039,-0.93399,6.071,6.28
1049027972,2024/04/08,186.0,146.0,167.0,155.0,205.0,137.0,-0.2491,0.00316,-0.96847,-0.35664,-0.00179,-0.93424,6.067,6.275
1049044627,2024/04/08,185.0,144.0,168.0,153.0,203.0,136.0,-0.24859,0.0023,-0.96861,-0.35732,-0.0026,-0.93398,6.072,6.275
1049061281,2024/04/08,184.0,138.0,166.0,151.0,201.0,125.0,-0.24888,0.00163,-0.96853,-0.35753,-0.00593,-0.93388,6.091,6.287
1049077936,2024/04/08,186.0,140.0,169.0,157.0,203.0,122.0,-0.24809,0.00331,-0.96873,-0.3567,-0.007,-0.93419,6.095,6.291
1049094591,2024/04/08,188.0,140.0,171.0,151.0,206.0,129.0,-0.24734,0.00131,-0.96893,-0.35602,-0.00469,-0.93447,6.093,6.299
1049111245,2024/04/08,190.0,140.0,173.0,146.0,207.0,133.0,-0.24661,0.0002,-0.96911,-0.35557,-0.00317,-0.93464,6.1,6.299
1049127899,2024/04/08,181.0,144.0,166.0,149.0,196.0,139.0,-0.24877,0.00115,-0.96856,-0.35879,-0.0015,-0.93342,6.109,6.305
1049144554,2024/04/08,180.0,145.0,164.0,150.0,195.0,139.0,-0.24954,0.00104,-0.96836,-0.35897,-0.00141,-0.93335,6.114,6.303
1049161208,2024/04/08,188.0,144.0,168.0,154.0,209.0,135.0,-0.24854,0.00201,-0.96862,-0.35525,-0.00333,-0.93476,6.116,6.302
1049177863,2024/04/08,190.0,147.0,174.0,158.0,206.0,137.0,-0.24652,0.00323,-0.96913,-0.35596,-0.00271,-0.9345,6.111,6.302
1049194518,2024/04/08,188.0,145.0,177.0,158.0,199.0,133.0,-0.24576,0.00294,-0.96933,-0.35809,-0.00425,-0.93368,6.111,6.299
1049211172,2024/04/08,188.0,147.0,169.0,160.0,207.0,133.0,-0.24834,0.00383,-0.96866,-0.35603,-0.00387,-0.93447,6.11,6.296
1049227827,2024/04/08,186.0,153.0,154.0,163.0,217.0,144.0,-0.25413,0.00431,-0.96716,-0.35401,-0.00072,-0.93524,6.028,6.294
1049244482,2024/04/08,224.0,154.0,203.0,160.0,245.0,148.0,-0.23975,0.00438,-0.97082,-0.34635,0.00123,-0.9381,6.037,6.292
1049261136,2024/04/08,250.0,156.0,224.0,163.0,276.0,148.0,-0.23199,0.00513,-0.9727,-0.33672,0.00121,-0.9416,6.128,6.289
1049277790,2024/04/08,253.0,155.0,229.0,169.0,277.0,142.0,-0.23016,0.00682,-0.97313,-0.33637,-0.00086,-0.94173,6.126,6.296
1049294445,2024/04/08,257.0,152.0,232.0,167.0,281.0,137.0,-0.22929,0.00596,-0.97334,-0.33531,-0.00274,-0.94211,6.124,6.316
1049311100,2024/04/08,254.0,150.0,230.0,159.0,277.0,142.0,-0.22977,0.00382,-0.97324,-0.33633,-0.00097,-0.94174,6.131,6.316
1049327754,2024/04/08,251.0,151.0,230.0,159.0,273.0,143.0,-0.22993,0.00405,-0.9732,-0.33774,-0.00051,-0.94124,6.136,6.319
1049344409,2024/04/08,253.0,151.0,227.0,160.0,279.0,143.0,-0.23102,0.00432,-0.97294,-0.33601,-0.00046,-0.94186,6.14,6.324
1049361064,2024/04/08,251.0,147.0,222.0,153.0,281.0,142.0,-0.23256,0.00219,-0.97258,-0.33553,-0.00081,-0.94203,6.146,6.323
1049377718,2024/04/08,248.0,147.0,226.0,154.0,270.0,140.0,-0.23125,0.00253,-0.97289,-0.33864,-0.00146,-0.94091,6.145,6.326
1049394373,2024/04/08,251.0,151.0,231.0,160.0,271.0,143.0,-0.22956,0.00481,-0.97328,-0.33823,-0.00021,-0.94106,6.143,6.324
1049411028,2024/04/08,253.0,147.0,229.0,155.0,277.0,139.0,-0.23014,0.00323,-0.97315,-0.33649,-0.00146,-0.94169,6.146,6.327
1049427682,2024/04/08,245.0,147.0,219.0,152.0,271.0,142.0,-0.23308,0.0024,-0.97246,-0.33786,-0.00066,-0.9412,6.153,6.325
1049444337,2024/04/08,242.0,149.0,221.0,153.0,263.0,144.0,-0.23261,0.00233,-0.97257,-0.34035,-0.00014,-0.9403,6.15,6.323
1049460992,2024/04/08,244.0,144.0,233.0,153.0,255.0,135.0,-0.22838,0.00223,-0.97357,-0.34208,-0.00305,-0.93967,6.141,6.322
1049477646,2024/04/08,249.0,143.0,233.0,155.0,265.0,131.0,-0.22831,0.0031,-0.97358,-0.3392,-0.00419,-0.9407,6.138,6.32
1049494301,2024/04/08,245.0,144.0,222.0,158.0,268.0,131.0,-0.23182,0.00371,-0.97275,-0.33843,-0.00455,-0.94098,6.14,6.322
1049510956,2024/04/08,243.0,145.0,222.0,161.0,263.0,129.0,-0.23165,0.00473,-0.97279,-0.33964,-0.00505,-0.94054,6.14,6.321
1049527610,2024/04/08,248.0,149.0,227.0,160.0,268.0,137.0,-0.23043,0.00391,-0.97308,-0.33851,-0.00304,-0.94096,6.133,6.312
1049544264,2024/04/08,249.0,148.0,229.0,155.0,269.0,141.0,-0.22989,0.00225,-0.97321,-0.33815,-0.00182,-0.94109,6.129,6.31
1049560919,2024/04/08,261.0,148.0,240.0,156.0,281.0,140.0,-0.22715,0.00174,-0.97386,-0.33536,-0.00291,-0.94208,6.121,6.294
1049577574,2024/04/08,351.0,170.0,269.0,160.0,433.0,179.0,-0.21826,0.00521,-0.97588,-0.29196,0.0113,-0.95636,6.208,6.282
1049594228,2024/04/08,742.0,252.0,nan,nan,742.0,252.0,nan,nan,nan,-0.20059,0.03404,-0.97908,nan,6.288
1049610883,2024/04/08,1094.0,373.0,1108.0,393.0,1081.0,353.0,0.05183,0.08004,-0.99544,-0.09251,0.06664,-0.99348,6.054,6.287
1049627538,2024/04/08,1310.0,477.0,1251.0,459.0,1370.0,494.0,0.09725,0.10239,-0.98998,0.00176,0.1138,-0.9935,6.134,6.219
1049644192,2024/04/08,1443.0,548.0,1395.0,526.0,1491.0,570.0,0.14279,0.12205,-0.9822,0.04141,0.13665,-0.98975,6.214,6.243
1049660847,2024/04/08,1780.0,824.0,1702.0,790.0,1858.0,858.0,0.23434,0.20197,-0.95094,0.15648,0.22503,-0.9617,6.157,6.252
1049677502,2024/04/08,1805.0,858.0,1736.0,811.0,1874.0,905.0,0.24462,0.20709,-0.94725,0.16172,0.23803,-0.9577,5.974,6.214
1049694156,2024/04/08,1853.0,914.0,1797.0,864.0,1909.0,965.0,0.2615,0.22159,-0.93942,0.17163,0.25532,-0.9515,5.939,6.22
1049710811,2024/04/08,1882.0,937.0,1827.0,871.0,1937.0,1003.0,0.27024,0.22331,-0.93654,0.18007,0.26625,-0.94693,5.859,6.222
1049727466,2024/04/08,1878.0,948.0,1821.0,881.0,1935.0,1016.0,0.26817,0.22631,-0.93641,0.17914,0.26975,-0.94612,5.851,6.232
1049744120,2024/04/08,1867.0,946.0,1807.0,874.0,1926.0,1019.0,0.26426,0.2244,-0.93798,0.17624,0.27045,-0.94646,5.859,6.223
1049760775,2024/04/08,1864.0,931.0,1803.0,855.0,1924.0,1006.0,0.26338,0.21858,-0.9396,0.17584,0.2665,-0.94766,5.869,6.229
1049777430,2024/04/08,1857.0,937.0,1794.0,867.0,1921.0,1006.0,0.26021,0.22224,-0.93963,0.17488,0.2665,-0.94784,5.873,6.234
1049794084,2024/04/08,1856.0,942.0,1796.0,874.0,1916.0,1010.0,0.26081,0.22425,-0.93898,0.17295,0.26766,-0.94786,5.868,6.228
1049810738,2024/04/08,1853.0,939.0,1797.0,873.0,1909.0,1006.0,0.2608,0.22407,-0.93903,0.17083,0.26637,-0.94861,5.883,6.232
1049827393,2024/04/08,1852.0,940.0,1797.0,879.0,1906.0,1001.0,0.26079,0.22576,-0.93863,0.16993,0.26478,-0.94922,5.877,6.247
1049844048,2024/04/08,1853.0,936.0,1797.0,874.0,1909.0,997.0,0.26067,0.22408,-0.93906,0.17058,0.26357,-0.94944,5.878,6.245
1049860702,2024/04/08,1828.0,942.0,1772.0,881.0,1884.0,1003.0,0.25288,0.22677,-0.94055,0.16256,0.26551,-0.9503,5.88,6.242
1049877357,2024/04/08,1772.0,943.0,1718.0,894.0,1827.0,993.0,0.23684,0.23147,-0.94357,0.14524,0.26329,-0.95372,5.938,6.244
1049894012,2024/04/08,1746.0,936.0,1697.0,896.0,1794.0,977.0,0.23117,0.23228,-0.94478,0.13541,0.25847,-0.95648,5.967,6.258
1049910666,2024/04/08,1746.0,936.0,1707.0,892.0,1786.0,980.0,0.23371,0.2309,-0.94449,0.13244,0.25963,-0.95658,5.954,6.252
1049927321,2024/04/08,1735.0,938.0,1689.0,893.0,1780.0,982.0,0.22823,0.23139,-0.94571,0.13037,0.26006,-0.95675,5.961,6.248
1049943976,2024/04/08,1740.0,943.0,1690.0,904.0,1789.0,982.0,0.22821,0.23449,-0.94495,0.13328,0.25964,-0.95646,5.977,6.253
1049960630,2024/04/08,1747.0,945.0,1703.0,908.0,1792.0,982.0,0.23179,0.23561,-0.9438,0.13409,0.25964,-0.95635,5.977,6.259
1049977285,2024/04/08,1748.0,943.0,1712.0,905.0,1785.0,982.0,0.23442,0.2344,-0.94345,0.13175,0.25963,-0.95668,5.959,6.254
1049993940,2024/04/08,1753.0,945.0,1716.0,896.0,1790.0,995.0,0.23579,0.23177,-0.94376,0.13296,0.26331,-0.95551,5.935,6.249
1050010594,2024/04/08,1756.0,947.0,1716.0,896.0,1796.0,998.0,0.23563,0.23171,-0.94382,0.13468,0.26409,-0.95505,5.941,6.243
1050027249,2024/04/08,1757.0,944.0,1718.0,901.0,1797.0,988.0,0.23591,0.23319,-0.94338,0.13476,0.26081,-0.95594,5.936,6.238
1050043904,2024/04/08,1759.0,946.0,1720.0,903.0,1797.0,989.0,0.23635,0.23382,-0.94312,0.13493,0.26115,-0.95582,5.931,6.237
1050060558,2024/04/08,1760.0,950.0,1720.0,912.0,1800.0,989.0,0.23597,0.23664,-0.94251,0.13546,0.26095,-0.9558,5.936,6.239
1050077212,2024/04/08,1761.0,948.0,1726.0,912.0,1795.0,983.0,0.23767,0.23656,-0.9421,0.13398,0.25952,-0.9564,5.937,6.237
1050093867,2024/04/08,1764.0,949.0,1733.0,910.0,1794.0,988.0,0.23973,0.23594,-0.94173,0.13345,0.26084,-0.95611,5.91,6.231
1050110522,2024/04/08,1764.0,950.0,1733.0,915.0,1795.0,985.0,0.2394,0.23748,-0.94143,0.13349,0.25995,-0.95635,5.909,6.224
1050127176,2024/04/08,1764.0,951.0,1733.0,920.0,1795.0,981.0,0.2389,0.23914,-0.94114,0.13331,0.25875,-0.9567,5.912,6.228
1050143831,2024/04/08,1762.0,953.0,1730.0,919.0,1795.0,988.0,0.23783,0.23869,-0.94152,0.13285,0.26093,-0.95617,5.902,6.234
1050160486,2024/04/08,1762.0,951.0,1728.0,914.0,1796.0,988.0,0.23708,0.23759,-0.94199,0.13316,0.26098,-0.95611,5.88,6.217
1050177140,2024/04/08,1764.0,948.0,1734.0,911.0,1794.0,985.0,0.23879,0.2366,-0.94181,0.13226,0.26034,-0.95641,5.872,6.211
1050193795,2024/04/08,1761.0,939.0,1735.0,881.0,1787.0,997.0,0.23976,0.22795,-0.94369,0.12997,0.26409,-0.9557,5.732,6.187
1050210450,2024/04/08,1746.0,954.0,1722.0,909.0,1770.0,999.0,0.23569,0.23639,-0.94264,0.12485,0.26479,-0.95619,5.787,6.152
1050227104,2024/04/08,1692.0,961.0,1681.0,881.0,1702.0,1041.0,0.22396,0.22887,-0.94734,0.10309,0.27826,-0.95496,5.966,5.9
1050243759,2024/04/08,1635.0,989.0,1628.0,904.0,1641.0,1074.0,0.20788,0.2376,-0.94886,0.08364,0.28931,-0.95357,5.821,5.719
1050260414,2024/04/08,1617.0,955.0,1617.0,955.0,nan,nan,0.20258,0.25272,-0.94609,nan,nan,nan,5.497,nan
1050277068,2024/04/08,nan,nan,nan,nan,nan,nan,nan,nan,nan,nan,nan,nan,nan,nan
1050293723,2024/04/08,nan,nan,nan,nan,nan,nan,nan,nan,nan,nan,nan,nan,nan,nan
1050310378,2024/04/08,nan,nan,nan,nan,nan,nan,nan,nan,nan,nan,nan,nan,nan,nan
1050327032,2024/04/08,nan,nan,nan,nan,nan,nan,nan,nan,nan,nan,nan,nan,nan,nan
1050343686,2024/04/08,nan,nan,nan,nan,nan,nan,nan,nan,nan,nan,nan,nan,nan,nan
1050360341,2024/04/08,nan,nan,nan,nan,nan,nan,nan,nan,nan,nan,nan,nan,nan,nan
1050376996,2024/04/08,nan,nan,nan,nan,nan,nan,nan,nan,nan,nan,nan,nan,nan,nan
1050393650,2024/04/08,nan,nan,nan,nan,nan,nan,nan,nan,nan,nan,nan,nan,nan,nan
1050410305,2024/04/08,nan,nan,nan,nan,nan,nan,nan,nan,nan,nan,nan,nan,nan,nan
1050426960,2024/04/08,nan,nan,nan,nan,nan,nan,nan,nan,nan,nan,nan,nan,nan,nan
1050443614,2024/04/08,854.0,102.0,727.0,153.0,981.0,50.0,-0.07834,0.00034,-0.99693,-0.12921,-0.03755,-0.99091,5.639,6.095
1050460269,2024/04/08,924.0,162.0,805.0,190.0,1042.0,134.0,-0.0532,0.01332,-0.99849,-0.10974,-0.0091,-0.99392,5.731,5.987
1050476924,2024/04/08,994.0,224.0,883.0,228.0,1105.0,220.0,-0.03041,0.0262,-0.99919,-0.09257,0.01986,-0.99551,5.823,5.876
1050493578,2024/04/08,1535.0,302.0,nan,nan,1535.0,302.0,nan,nan,nan,0.0515,0.04673,-0.99758,nan,5.984
1050510233,2024/04/08,1584.0,271.0,1582.0,249.0,1586.0,293.0,0.19972,0.03247,-0.97932,0.06726,0.04378,-0.99677,5.75,5.916
1050526888,2024/04/08,1608.0,251.0,1578.0,225.0,1637.0,277.0,0.19767,0.02876,-0.97985,0.08386,0.04267,-0.99556,5.835,5.953
1050543542,2024/04/08,1615.0,223.0,1589.0,217.0,1642.0,230.0,0.20128,0.0258,-0.97919,0.08573,0.02654,-0.99597,5.889,6.075
1050560197,2024/04/08,1620.0,213.0,1589.0,225.0,1651.0,202.0,0.20081,0.02832,-0.97922,0.08851,0.01739,-0.99592,5.91,6.128
1050576852,2024/04/08,1630.0,213.0,1601.0,223.0,1660.0,202.0,0.2045,0.02773,-0.97847,0.09175,0.01707,-0.99564,5.911,6.135
1050593506,2024/04/08,1632.0,206.0,1610.0,218.0,1654.0,194.0,0.20738,0.026,-0.97791,0.08962,0.01435,-0.99587,5.906,6.174
1050610160,2024/04/08,1632.0,207.0,1610.0,216.0,1654.0,197.0,0.20737,0.02532,-0.97794,0.08986,0.01538,-0.99584,5.902,6.173
1050626815,2024/04/08,1639.0,202.0,1619.0,207.0,1659.0,198.0,0.21025,0.02227,-0.97739,0.0913,0.01572,-0.9957,5.906,6.168
1050643470,2024/04/08,1639.0,204.0,1621.0,209.0,1658.0,200.0,0.21039,0.02323,-0.97734,0.09072,0.01673,-0.99574,5.904,6.17
1050660124,2024/04/08,1633.0,212.0,1605.0,230.0,1662.0,193.0,0.20516,0.03074,-0.97825,0.09169,0.01469,-0.99568,5.949,6.178
1050676779,2024/04/08,1632.0,211.0,1606.0,232.0,1659.0,191.0,0.20558,0.03127,-0.97814,0.09077,0.01364,-0.99578,5.962,6.185
1050693434,2024/04/08,1639.0,214.0,1620.0,233.0,1659.0,195.0,0.20969,0.0322,-0.97724,0.09067,0.0156,-0.99576,5.95,6.187
1050710089,2024/04/08,1664.0,203.0,1641.0,218.0,1687.0,188.0,0.21592,0.02821,-0.976,0.09955,0.01424,-0.99493,5.968,6.201
1050726743,2024/04/08,1707.0,176.0,1681.0,186.0,1734.0,165.0,0.22833,0.01884,-0.9734,0.11446,0.00772,-0.9934,5.981,6.21
1050743398,2024/04/08,1728.0,160.0,1703.0,173.0,1753.0,146.0,0.23572,0.01441,-0.97171,0.1216,0.00095,-0.99258,6.006,6.225
1050760052,2024/04/08,1730.0,167.0,1711.0,180.0,1749.0,155.0,0.2384,0.01672,-0.97102,0.12038,0.00401,-0.99272,6.012,6.226
1050776707,2024/04/08,1726.0,173.0,1700.0,190.0,1752.0,156.0,0.23504,0.02012,-0.97178,0.12159,0.00473,-0.99257,6.012,6.23
1050793362,2024/04/08,1732.0,166.0,1706.0,177.0,1757.0,154.0,0.23704,0.01653,-0.97136,0.12315,0.00451,-0.99238,6.045,6.25
1050810016,2024/04/08,1742.0,163.0,1720.0,173.0,1764.0,153.0,0.24117,0.01575,-0.97035,0.12532,0.00482,-0.99211,6.075,6.267
1050826671,2024/04/08,1734.0,158.0,1707.0,175.0,1760.0,141.0,0.23763,0.0163,-0.97122,0.12455,0.00097,-0.99221,6.122,6.306
1050843326,2024/04/08,1728.0,156.0,1704.0,169.0,1753.0,143.0,0.23656,0.01487,-0.9715,0.12212,0.00235,-0.99251,6.136,6.318
1050859981,2024/04/08,1725.0,155.0,1696.0,158.0,1754.0,152.0,0.23461,0.01131,-0.97202,0.12261,0.00521,-0.99244,6.139,6.337
1050876634,2024/04/08,1728.0,152.0,1690.0,156.0,1765.0,149.0,0.2324,0.01098,-0.97256,0.12584,0.00495,-0.99204,6.146,6.342
1050893289,2024/04/08,1727.0,154.0,1698.0,158.0,1756.0,151.0,0.23473,0.01135,-0.972,0.12301,0.00485,-0.99239,6.142,6.353
1050909944,2024/04/08,1720.0,159.0,1698.0,162.0,1741.0,157.0,0.23444,0.01253,-0.97205,0.11757,0.00694,-0.99304,6.148,6.352
1050926598,2024/04/08,1724.0,165.0,1703.0,176.0,1746.0,153.0,0.23563,0.01739,-0.97169,0.1187,0.006,-0.99291,6.165,6.342
1050943253,2024/04/08,1737.0,158.0,1707.0,171.0,1768.0,146.0,0.23645,0.01627,-0.97151,0.1256,0.00418,-0.99207,6.179,6.355
1050959908,2024/04/08,1769.0,155.0,1740.0,158.0,1798.0,152.0,0.24651,0.01198,-0.96907,0.13551,0.00573,-0.99076,6.19,6.362
1050976563,2024/04/08,1809.0,165.0,1781.0,167.0,1837.0,163.0,0.25855,0.01496,-0.96588,0.14781,0.00931,-0.98897,6.194,6.354
1050993218,2024/04/08,1821.0,168.0,1787.0,177.0,1856.0,158.0,0.25948,0.01883,-0.96556,0.15283,0.00819,-0.98822,6.185,6.354
1051009872,2024/04/08,1825.0,163.0,1791.0,171.0,1858.0,155.0,0.26089,0.016,-0.96524,0.15384,0.00623,-0.98808,6.206,6.367
1051026526,2024/04/08,1829.0,157.0,1801.0,163.0,1857.0,150.0,0.26351,0.01293,-0.96457,0.15312,0.00398,-0.9882,6.226,6.377
1051043181,2024/04/08,1826.0,162.0,1797.0,169.0,1854.0,155.0,0.26218,0.01491,-0.9649,0.15208,0.00545,-0.98835,6.226,6.375
1051059836,2024/04/08,1826.0,166.0,1795.0,179.0,1858.0,153.0,0.26154,0.01901,-0.965,0.15301,0.00566,-0.98821,6.239,6.386
1051076490,2024/04/08,1831.0,165.0,1799.0,178.0,1863.0,152.0,0.26244,0.01955,-0.96475,0.1545,0.00595,-0.98798,6.247,6.391
1051093145,2024/04/08,1826.0,165.0,1799.0,169.0,1853.0,160.0,0.26253,0.01698,-0.96477,0.15115,0.00897,-0.98847,6.253,6.391
1051109800,2024/04/08,1821.0,167.0,1798.0,170.0,1845.0,164.0,0.26204,0.01688,-0.96491,0.14861,0.00984,-0.98885,6.255,6.389
1051126455,2024/04/08,1818.0,168.0,1789.0,179.0,1847.0,157.0,0.2594,0.01917,-0.96558,0.14923,0.00701,-0.98878,6.274,6.383
1051143109,2024/04/08,1819.0,167.0,1791.0,179.0,1848.0,155.0,0.25934,0.01928,-0.96559,0.14889,0.00616,-0.98884,6.276,6.387
1051159764,2024/04/08,1827.0,170.0,1798.0,185.0,1856.0,154.0,0.26155,0.02112,-0.96496,0.15141,0.00579,-0.98845,6.254,6.4
1051176418,2024/04/08,1827.0,169.0,1794.0,182.0,1859.0,156.0,0.25991,0.02054,-0.96541,0.15179,0.00695,-0.98839,6.257,6.396
1051193072,2024/04/08,1822.0,172.0,1788.0,180.0,1856.0,163.0,0.25766,0.02045,-0.96602,0.15067,0.00946,-0.98854,6.258,6.387
1051209727,2024/04/08,1823.0,176.0,1784.0,183.0,1861.0,170.0,0.25634,0.02172,-0.96634,0.15195,0.01207,-0.98831,6.258,6.386
1051226382,2024/04/08,1823.0,173.0,1788.0,175.0,1859.0,170.0,0.25728,0.01894,-0.96615,0.15087,0.01177,-0.98848,6.274,6.393
1051243037,2024/04/08,1825.0,174.0,1790.0,177.0,1860.0,171.0,0.25715,0.01948,-0.96618,0.1507,0.01202,-0.98851,6.268,6.388
1051259692,2024/04/08,1824.0,180.0,1797.0,183.0,1851.0,176.0,0.25894,0.02091,-0.96567,0.1474,0.01303,-0.98899,6.269,6.385
1051276346,2024/04/08,1822.0,177.0,1796.0,182.0,1847.0,172.0,0.25807,0.01983,-0.96592,0.14584,0.01082,-0.98925,6.272,6.385
1051293000,2024/04/08,1826.0,173.0,1789.0,175.0,1863.0,170.0,0.25547,0.0176,-0.96666,0.15032,0.01005,-0.98859,6.27,6.372
1051309655,2024/04/08,1826.0,178.0,1788.0,176.0,1863.0,180.0,0.25514,0.01823,-0.96673,0.15017,0.01353,-0.98857,6.27,6.366
1051326310,2024/04/08,1823.0,181.0,1789.0,180.0,1858.0,182.0,0.25496,0.02033,-0.96674,0.14818,0.01506,-0.98885,6.272,6.368
1051342964,2024/04/08,1820.0,180.0,1787.0,182.0,1853.0,177.0,0.2544,0.02142,-0.96686,0.14646,0.01344,-0.98912,6.268,6.365
1051359619,2024/04/08,1820.0,180.0,1784.0,180.0,1856.0,179.0,0.253,0.02112,-0.96724,0.14682,0.01443,-0.98906,6.271,6.362
1051376274,2024/04/08,1825.0,180.0,1789.0,180.0,1860.0,180.0,0.25472,0.0203,-0.9668,0.14864,0.01403,-0.98879,6.275,6.361
1051392929,2024/04/08,1825.0,183.0,1791.0,186.0,1859.0,181.0,0.25533,0.0222,-0.9666,0.14821,0.01393,-0.98886,6.268,6.353
1051409583,2024/04/08,1824.0,182.0,1790.0,185.0,1858.0,180.0,0.25517,0.02173,-0.96665,0.14799,0.01362,-0.98889,6.262,6.35
1051426238,2024/04/08,1818.0,184.0,1792.0,185.0,1844.0,182.0,0.25577,0.02186,-0.96649,0.14378,0.01433,-0.98951,6.266,6.369
1051442893,2024/04/08,1816.0,183.0,1790.0,188.0,1842.0,179.0,0.25552,0.02242,-0.96654,0.14337,0.01308,-0.98958,6.263,6.367
1051459546,2024/04/08,1817.0,191.0,1788.0,199.0,1847.0,182.0,0.25481,0.02593,-0.96664,0.14492,0.01391,-0.98935,6.263,6.347
1051476201,2024/04/08,1811.0,195.0,1781.0,205.0,1840.0,185.0,0.25279,0.02786,-0.96712,0.14277,0.01489,-0.98964,6.261,6.342
1051492856,2024/04/08,1817.0,191.0,1786.0,197.0,1847.0,185.0,0.25422,0.02458,-0.96683,0.14517,0.01453,-0.9893,6.245,6.341
1051509511,2024/04/08,1822.0,192.0,1792.0,197.0,1853.0,187.0,0.25547,0.02481,-0.9665,0.1465,0.01569,-0.98909,6.245,6.344
1051526166,2024/04/08,1826.0,192.0,1795.0,195.0,1857.0,189.0,0.25656,0.02411,-0.96623,0.14782,0.0158,-0.98889,6.258,6.34
1051542820,2024/04/08,1827.0,191.0,1791.0,195.0,1863.0,188.0,0.25482,0.02394,-0.96669,0.14926,0.0157,-0.98867,6.259,6.338
1051559474,2024/04/08,1819.0,189.0,1784.0,194.0,1855.0,184.0,0.25234,0.02362,-0.96735,0.14649,0.0144,-0.98911,6.274,6.349
1051576129,2024/04/08,1824.0,186.0,1791.0,190.0,1858.0,183.0,0.25437,0.02259,-0.96684,0.14723,0.01404,-0.989,6.275,6.351
1051592784,2024/04/08,1831.0,187.0,1800.0,192.0,1862.0,182.0,0.25702,0.02362,-0.96612,0.14841,0.0142,-0.98882,6.263,6.354
1051609438,2024/04/08,1825.0,188.0,1797.0,194.0,1852.0,183.0,0.2561,0.02418,-0.96635,0.14543,0.01413,-0.98927,6.264,6.349
1051626093,2024/04/08,1822.0,185.0,1793.0,188.0,1851.0,182.0,0.25447,0.02233,-0.96682,0.14475,0.01405,-0.98937,6.263,6.339
1051642748,2024/04/08,1822.0,185.0,1791.0,183.0,1854.0,188.0,0.25413,0.02002,-0.96696,0.14575,0.01524,-0.9892,6.263,6.341
1051659403,2024/04/08,1831.0,182.0,1802.0,182.0,1859.0,181.0,0.25763,0.01996,-0.96604,0.14756,0.01316,-0.98897,6.267,6.336
1051676057,2024/04/08,1830.0,182.0,1803.0,188.0,1857.0,176.0,0.25768,0.02209,-0.96598,0.14688,0.01196,-0.98908,6.275,6.343
1051692712,2024/04/08,1825.0,180.0,1799.0,190.0,1851.0,171.0,0.25668,0.02309,-0.96622,0.14491,0.01084,-0.98939,6.285,6.357
1051709367,2024/04/08,1830.0,178.0,1807.0,184.0,1854.0,172.0,0.25894,0.02169,-0.96565,0.1459,0.01133,-0.98923,6.294,6.369
1051726021,2024/04/08,1829.0,180.0,1807.0,179.0,1850.0,182.0,0.25942,0.01951,-0.96557,0.14491,0.01423,-0.98934,6.302,6.399
1051742675,2024/04/08,1833.0,179.0,1806.0,181.0,1859.0,177.0,0.25896,0.02007,-0.96568,0.1475,0.01271,-0.98898,6.304,6.406
1051759330,2024/04/08,1829.0,176.0,1798.0,182.0,1861.0,169.0,0.25666,0.01985,-0.9663,0.14841,0.00926,-0.98888,6.306,6.4
1051775985,2024/04/08,1825.0,176.0,1796.0,181.0,1855.0,170.0,0.2558,0.0195,-0.96653,0.14614,0.0095,-0.98922,6.304,6.394
1051792640,2024/04/08,1823.0,180.0,1796.0,187.0,1851.0,173.0,0.25561,0.02107,-0.96655,0.14483,0.01051,-0.9894,6.289,6.399
1051809294,2024/04/08,1824.0,180.0,1797.0,184.0,1850.0,175.0,0.25602,0.02033,-0.96646,0.14478,0.01115,-0.9894,6.29,6.397
1051825948,2024/04/08,1824.0,174.0,1795.0,175.0,1852.0,174.0,0.25554,0.01754,-0.96664,0.14538,0.01072,-0.98932,6.296,6.393
1051842603,2024/04/08,1821.0,175.0,1796.0,175.0,1846.0,175.0,0.25607,0.01734,-0.9665,0.14366,0.01099,-0.98957,6.291,6.387
1051859258,2024/04/08,1826.0,180.0,1803.0,183.0,1849.0,177.0,0.25812,0.02011,-0.9659,0.14443,0.0117,-0.98945,6.283,6.383
1051875912,2024/04/08,1826.0,179.0,1797.0,182.0,1855.0,176.0,0.25666,0.01937,-0.96631,0.14688,0.01102,-0.98909,6.283,6.392
1051892567,2024/04/08,1813.0,181.0,1772.0,180.0,1855.0,182.0,0.24914,0.01844,-0.96829,0.14702,0.01283,-0.98905,6.327,6.394
1051909222,2024/04/08,1818.0,185.0,1781.0,184.0,1855.0,186.0,0.25213,0.01959,-0.9675,0.1472,0.01388,-0.98901,6.328,6.397
1051925877,2024/04/08,1831.0,186.0,1802.0,189.0,1859.0,184.0,0.25912,0.02084,-0.96562,0.14909,0.0131,-0.98874,6.268,6.411
1051942531,2024/04/08,1829.0,183.0,1800.0,184.0,1858.0,181.0,0.25852,0.01947,-0.96581,0.14884,0.0124,-0.98878,6.267,6.41
1051959186,2024/04/08,1829.0,176.0,1802.0,177.0,1856.0,176.0,0.25947,0.01697,-0.9656,0.14873,0.01061,-0.98882,6.292,6.411
1051975841,2024/04/08,1824.0,179.0,1798.0,182.0,1850.0,177.0,0.25821,0.01882,-0.9659,0.14665,0.01124,-0.98912,6.287,6.408
1051992495,2024/04/08,1820.0,185.0,1791.0,194.0,1850.0,177.0,0.25585,0.02282,-0.96645,0.14649,0.01126,-0.98915,6.175,6.42
1052009150,2024/04/08,1824.0,182.0,1794.0,194.0,1855.0,171.0,0.25588,0.02267,-0.96644,0.14772,0.00909,-0.98899,6.194,6.431
1052025805,2024/04/08,1829.0,175.0,1803.0,175.0,1854.0,175.0,0.25963,0.01698,-0.96556,0.14807,0.01058,-0.98892,6.302,6.442
1052042459,2024/04/08,1832.0,175.0,1808.0,176.0,1857.0,174.0,0.26101,0.01722,-0.96518,0.1489,0.01058,-0.98879,6.302,6.447
1052059114,2024/04/08,1829.0,177.0,1800.0,183.0,1858.0,171.0,0.25896,0.01986,-0.96568,0.1494,0.00978,-0.98873,6.297,6.432
1052075768,2024/04/08,1830.0,176.0,1804.0,177.0,1857.0,175.0,0.26011,0.01784,-0.96541,0.14916,0.01127,-0.98875,6.301,6.437
1052092422,2024/04/08,1831.0,174.0,1807.0,176.0,1856.0,172.0,0.26128,0.01723,-0.96511,0.14888,0.01023,-0.9888,6.309,6.434
1052109077,2024/04/08,1833.0,175.0,1805.0,178.0,1861.0,171.0,0.26083,0.01753,-0.96523,0.15078,0.0096,-0.98852,6.312,6.429
1052125732,2024/04/08,1834.0,178.0,1805.0,182.0,1864.0,173.0,0.26095,0.01838,-0.96518,0.15203,0.00982,-0.98833,6.301,6.45
1052142387,2024/04/08,1825.0,182.0,1797.0,185.0,1852.0,179.0,0.2583,0.0194,-0.96587,0.1479,0.01205,-0.98893,6.297,6.444
1052159042,2024/04/08,1821.0,179.0,1790.0,182.0,1851.0,177.0,0.25639,0.01843,-0.9664,0.14743,0.01145,-0.98901,6.306,6.453
1052175696,2024/04/08,1828.0,183.0,1788.0,187.0,1868.0,180.0,0.25575,0.02005,-0.96653,0.15276,0.01242,-0.98819,6.302,6.457
